1 13383 856 0 1 0 1 1 1 0 0 1 0 1 1 1 1 1 0.007566479
2 16649 919 1 1 1 0 1 1 1 1 1 0 0 1 0 1 1 0.006420049
3 16292 1267 0 0 0 1 1 1 0 1 1 1 1 1 1 0 1 0.007442482
4 7638 280 0 1 0 1 1 0 0 0 0 0 1 0 1 0 0 0.006854092
5 18175 1642 1 1 1 1 1 1 1 1 1 1 1 1 0 1 1 0.00670889
6 4823 213 1 0 0 1 0 0 0 0 0 1 0 0 0 0 0 0.006888989
7 19142 1325 1 1 1 1 0 0 1 1 1 1 1 1 1 0 1 0.007580447
8 20554 1643 1 1 1 1 1 1 1 1 1 1 1 1 1 0 1 0.007692103
9 19936 1711 1 0 1 1 1 1 1 1 1 1 1 1 1 1 1 0.007571547
10 18198 1828 1 1 1 1 1 1 1 1 1 1 1 1 1 1 0 0.007614152
11 7079 450 1 1 0 0 0 1 0 0 0 0 0 1 0 0 1 0.007244746
12 11960 827 1 1 0 0 1 1 0 1 0 0 1 1 1 0 0 0.007704121
13 17760 1280 1 1 1 1 1 1 0 0 1 0 1 1 1 1 1 0.007552023
14 14958 1065 1 1 1 0 0 1 1 0 1 1 1 1 1 1 1 0.007365619
15 633 9 0 0 0 0 0 0 0 0 0 0 0 0 1 0 0 0.007022671
16 13365 1183 1 1 1 0 1 1 1 0 0 0 1 0 1 0 1 0.006973937
17 6084 269 0 0 0 0 0 0 1 0 1 0 0 0 0 1 0 0.007154633
18 13735 1266 1 0 0 1 1 1 1 0 1 1 0 1 0 0 1 0.008937359
19 18478 1442 1 1 1 1 1 1 1 1 1 1 1 1 1 0 0 0.007322479
20 18705 1491 1 0 1 1 1 1 1 0 0 1 1 1 1 1 0 0.007066486
21 18689 1469 1 1 1 1 1 1 1 0 1 1 1 1 1 1 1 0.007064138
22 12365 458 0 1 1 0 0 1 1 1 0 0 1 1 0 0 1 0.006897185
23 16774 871 0 1 1 1 0 0 1 1 1 1 1 0 1 1 0 0.007355003
24 14864 922 1 1 1 1 0 1 1 1 1 0 0 1 0 0 1 0.007883054
25 13565 867 0 1 1 0 1 0 1 1 1 0 1 0 1 0 1 0.006405293
26 14756 552 1 0 1 0 0 1 0 0 1 1 1 1 1 1 1 0.030201445
27 10468 431 1 1 0 0 0 1 0 1 1 0 1 0 0 0 1 0.009050445
28 15738 1495 1 0 1 1 1 1 1 1 1 0 1 1 1 0 0 0.01124819
29 19972 1085 1 0 1 1 1 1 0 1 1 1 1 1 1 1 0 0.01137655
30 16148 1603 1 1 1 0 1 1 1 1 0 1 1 1 0 1 1 0.007009407
31 16020 1340 1 1 1 0 1 1 0 1 1 1 1 1 1 0 0 0.006751373
32 10617 405 0 0 0 1 0 0 0 0 1 0 1 0 1 1 1 0.006891936
33 0 0 0 0 0 0 0 0 0 0 0 0 0 0 0 0 0 0.0066765
34 17001 688 1 0 0 0 1 1 1 0 1 1 1 1 0 0 0 0.00592967
35 14872 659 0 0 1 0 0 1 1 1 1 0 0 1 1 1 1 0.006620888
36 10645 274 0 1 1 0 1 0 0 0 0 0 0 1 1 0 0 0.005685027
37 15789 782 0 1 0 1 0 0 1 1 0 1 1 0 1 1 1 0.005625607
38 8049 113 1 0 1 0 0 1 0 0 0 1 0 0 0 0 0 0.006533562
39 10259 490 1 1 1 0 0 0 0 1 1 1 0 0 0 1 0 0.006414958
40 18306 1229 1 1 1 0 0 0 0 1 1 1 1 1 1 1 1 0.006166388
41 17431 1411 1 1 1 1 1 1 1 1 1 1 1 0 1 0 1 0.006627209
42 9945 400 1 1 0 0 0 1 1 0 0 0 0 0 1 0 1 0.006445087
43 17653 1584 1 1 1 1 1 1 1 1 1 1 1 1 1 0 1 0.005390745
44 9670 650 0 0 0 0 0 0 0 1 1 0 0 1 1 1 0 0.007587982
45 9343 653 0 0 0 0 1 0 1 0 1 1 0 1 1 0 0 0.007299363
46 14049 1839 1 1 1 1 0 1 1 1 1 1 1 1 1 1 1 0.005416184
47 20707 1218 0 1 1 1 1 1 1 1 1 1 1 1 1 1 1 0.007291086
48 5814 236 1 0 0 0 0 0 0 1 0 0 0 1 0 0 0 0.005957057
49 16613 995 1 1 1 1 1 1 0 0 0 0 0 1 1 1 1 0.006084255
50 14306 1308 1 0 1 1 0 1 1 0 1 0 1 1 0 0 1 0.007073391
51 19732 1220 1 0 1 1 1 1 0 1 1 1 1 1 1 1 1 0.006422027
52 12958 907 1 1 0 0 1 0 0 1 0 1 1 0 0 1 1 0.008258927
53 12993 828 1 1 0 1 1 0 0 1 0 1 0 1 1 0 1 0.007659705
54 11330 543 0 0 1 0 0 1 0 0 0 1 1 1 0 0 1 0.007122492
55 17675 1120 1 0 1 1 1 1 1 1 1 0 0 0 1 1 0 0.00857543
56 16362 944 1 1 0 1 0 0 1 0 1 1 1 1 0 1 0 0.00750604
57 13005 1175 0 1 1 0 1 1 1 1 1 0 1 0 0 1 1 0.0073626
58 1926 175 0 0 1 0 0 0 0 0 0 0 0 0 0 0 0 0.007499009
59 2000 6 0 0 0 0 0 1 0 0 0 0 0 0 0 0 0 0.007637944
60 9365 592 1 0 0 1 0 1 0 1 0 0 0 1 0 1 0 0.0072524
61 15023 1374 1 1 1 1 1 1 1 1 0 1 1 1 1 0 1 0.019009936
62 21688 1534 1 1 1 1 1 1 1 1 1 1 1 1 1 1 0 0.006890201
63 7478 471 0 1 0 0 1 0 1 0 0 0 0 0 1 0 0 0.008716977
64 11989 1126 0 0 1 0 1 1 0 1 0 1 1 0 1 0 1 0.008413722
65 12577 715 0 0 1 1 1 0 0 1 1 1 1 0 0 1 1 0.008064146
66 4845 104 1 0 0 0 0 1 0 0 0 1 0 0 0 0 1 0.006797099
67 11439 827 0 1 1 1 0 0 1 0 0 1 0 0 1 0 1 0.006893056
68 15565 1054 1 1 1 1 0 0 0 1 0 1 1 0 1 0 0 0.00642739
69 9301 502 1 0 0 0 0 1 1 0 1 1 0 0 1 0 0 0.006135407
70 15262 1259 1 1 1 1 1 0 1 1 1 0 1 0 0 0 1 0.006679843
71 10735 650 1 0 1 1 0 0 0 0 1 1 0 0 0 1 1 0.006620991
72 14892 1177 1 0 1 1 1 1 0 0 1 1 0 1 1 0 1 0.007040352
73 12029 736 1 0 0 1 0 0 0 1 1 0 1 1 1 1 0 0.006498163
74 8464 374 1 0 0 0 0 1 1 0 0 0 1 1 0 1 0 0.00618347
75 8363 219 1 0 1 1 0 0 0 0 1 0 0 0 0 0 1 0.005896825
76 19868 1159 1 1 1 0 1 0 1 1 1 1 0 1 1 1 1 0.006513821
77 4268 156 0 0 0 1 0 0 0 0 0 0 0 1 1 0 0 0.007138311
78 17700 1592 1 1 1 1 1 1 1 1 1 1 0 1 1 1 1 0.007422194
79 17520 1879 1 1 0 1 1 1 1 1 1 1 1 1 1 0 1 0.005943204
80 9776 407 0 0 1 0 0 0 0 1 1 1 1 0 0 0 1 0.006139711
81 16423 1439 1 1 1 1 0 1 0 1 1 1 0 0 1 1 1 0.007107648
82 19080 1242 1 1 1 1 1 1 0 1 1 1 1 1 1 1 1 0.006633185
83 19264 1570 1 1 1 1 1 1 1 0 1 1 1 1 1 1 0 0.005753173
84 17301 1151 1 1 1 1 1 1 1 1 1 1 0 1 0 1 1 0.006660034
85 6301 227 1 0 0 0 0 0 0 1 0 0 0 0 1 0 1 0.0068243
86 4736 180 0 1 1 0 0 0 0 0 0 1 0 0 0 0 0 0.007081653
87 10517 383 1 1 0 0 1 0 1 0 0 1 0 1 0 1 0 0.008107997
88 18643 1411 1 1 1 1 1 1 1 1 0 1 1 1 1 1 1 0.007989096
89 17542 1779 1 1 0 1 1 1 0 1 0 1 1 1 0 1 1 0.008036226
90 12066 355 1 0 1 0 1 0 1 0 0 0 0 1 1 0 0 0.008416216
91 8185 253 1 1 0 0 0 0 1 0 1 1 0 0 0 0 0 0.007714542
92 15257 2036 1 1 0 1 1 1 1 1 1 1 1 1 1 1 1 0.00733692
93 8584 220 0 1 0 0 0 1 0 0 0 1 0 1 1 0 1 0.007277353
94 14760 643 0 0 0 1 1 1 1 1 0 1 1 0 1 1 1 0.00716536
95 18470 1192 1 1 1 1 0 0 0 1 0 1 1 1 1 0 1 0.00775002
96 15726 968 1 1 1 1 0 1 1 0 0 1 1 0 1 0 1 0.007389232
97 6817 357 0 0 1 0 0 1 1 0 0 0 0 0 1 1 1 0.006554539
98 9800 605 1 0 1 0 0 1 0 0 1 0 1 0 1 0 0 0.007147819
99 20414 979 1 1 1 1 0 1 1 1 1 1 0 0 1 0 0 0.007261286
100 16143 1113 0 1 1 1 1 1 1 1 1 0 0 0 1 1 1 0.006691379
101 17339 1664 1 1 1 1 1 0 1 1 0 1 1 0 0 1 1 0.007542122
102 24347 1295 1 1 1 1 1 1 1 0 1 1 1 1 1 1 1 0.007200311
103 7328 839 0 0 1 1 0 0 0 1 0 1 1 0 1 0 1 0.006237903
104 14938 1095 1 1 1 0 1 1 1 0 1 1 1 0 1 1 1 0.005845822
105 14899 1044 0 1 1 1 0 1 0 1 0 1 0 1 1 1 1 0.006559094
106 8780 389 0 1 1 0 1 1 0 1 0 0 0 0 0 1 0 0.005769505
107 2390 89 0 0 0 0 0 0 0 0 0 0 1 0 0 0 0 0.007352808
108 23281 1712 1 1 1 1 1 1 1 1 1 0 1 1 1 1 1 0.006738948
109 10604 488 0 0 1 0 1 1 0 1 0 0 0 0 0 1 1 0.006828716
110 13211 867 1 1 1 1 0 1 0 0 1 0 0 0 0 1 1 0.006384032
111 19936 1519 1 1 0 0 1 1 1 1 0 1 1 1 1 1 1 0.007968253
112 17118 1215 1 1 1 1 1 0 1 0 0 1 1 1 1 1 1 0.006330581
113 16532 1094 1 1 0 1 1 1 0 1 0 1 1 1 1 1 0 0.007452694
114 21987 2152 1 1 1 1 1 1 1 1 0 1 1 1 1 1 1 0.006702701
115 19123 1856 1 1 1 1 0 1 1 1 1 1 1 1 1 1 1 0.006377417
116 16775 1121 0 0 1 1 1 1 1 0 1 0 1 1 0 1 1 0.00697651
117 14266 744 1 1 1 1 0 1 1 1 0 0 1 0 0 0 0 0.007879837
118 15074 1299 1 0 0 1 1 1 1 0 1 1 1 1 1 1 1 0.007089428
119 11394 284 0 0 1 0 0 0 0 0 0 1 0 1 1 1 1 0.009235662
120 18162 1302 0 1 0 1 1 1 1 1 1 1 0 1 1 0 1 0.00690856
121 20020 1632 1 1 1 1 0 1 1 1 1 1 0 0 1 1 1 0.007311725
122 0 0 0 0 0 0 0 0 0 0 0 0 0 0 0 0 0 0.007223688
123 3475 132 0 0 0 0 0 0 0 0 1 1 0 0 0 0 0 0.007808332
124 21345 1434 1 0 1 0 1 1 1 1 0 1 1 1 1 1 1 0.006939472
125 16267 1224 1 1 1 0 0 1 1 1 1 1 0 0 1 1 1 0.008884685
126 15145 710 1 1 0 0 1 1 1 1 1 1 0 0 0 0 0 0.007387934
127 17632 2045 1 1 1 1 1 1 1 1 1 1 1 1 0 1 1 0.008405911
128 13490 1316 1 1 1 1 1 1 0 1 0 1 1 0 1 0 0 0.008564288
129 11035 1082 1 1 0 0 1 0 1 1 1 0 0 0 0 1 1 0.007843117
130 18327 1084 1 1 1 1 0 1 1 1 1 1 1 0 1 0 0 0.008597299
131 7866 297 1 0 0 1 1 0 0 1 0 0 0 0 1 0 0 0.007776508
132 13306 548 1 1 1 1 1 1 0 0 0 1 0 0 0 0 1 0.006985151
133 16547 894 1 1 1 0 1 1 1 1 0 0 0 1 0 1 1 0.006967864
134 4437 42 0 0 0 0 0 0 1 1 0 0 0 0 0 0 0 0.006582525
135 13198 977 1 1 1 1 0 1 0 0 1 0 1 1 1 1 1 0.008560522
136 16437 1579 1 1 1 1 1 1 1 1 1 0 0 1 1 1 1 0.008393654
137 3220 112 0 0 0 0 0 1 0 0 0 0 0 0 0 1 0 0.009984268
138 17999 1612 1 1 1 1 0 1 1 1 1 0 1 1 0 1 1 0.007722633
139 12560 702 1 1 0 1 1 0 0 1 1 0 0 1 0 1 0 0.007074679
140 3286 171 0 0 0 0 0 0 0 0 0 0 1 1 0 0 1 0.006894381
141 7915 192 0 0 0 0 0 1 1 1 0 0 1 1 1 0 0 0.008349587
142 15829 532 1 1 0 1 1 1 1 0 1 0 0 1 1 1 0 0.007510836
143 4392 146 0 0 0 1 1 1 0 0 0 0 0 0 0 1 1 0.006427994
144 13310 524 0 1 0 0 0 1 1 1 1 1 0 0 1 1 1 0.006155071
145 16262 842 1 1 1 0 1 1 1 0 0 0 1 0 1 0 1 0.006047677
146 18832 1133 1 1 0 1 1 1 1 1 0 1 1 1 0 1 1 0.005955366
147 16020 1065 0 1 1 1 1 0 1 0 0 0 1 1 1 1 1 0.008382083
148 17985 1749 1 1 1 1 1 0 1 1 1 0 1 1 1 1 0 0.00687103
149 9785 555 0 0 0 1 0 1 1 1 1 0 0 0 1 1 0 0.006795968
150 13653 1459 1 1 1 1 1 1 1 1 1 1 1 0 1 1 0 0.005966091
151 1427 47 0 0 1 0 0 0 0 0 0 0 0 0 0 0 0 0.007532729
152 13036 653 0 1 0 0 0 1 0 1 1 1 0 0 1 1 0 0.007969485
153 14377 550 0 1 1 1 1 1 1 0 1 0 0 0 0 0 0 0.010561325
154 13185 670 1 0 0 1 1 1 0 1 0 0 0 0 1 1 1 0.007537533
155 4662 133 1 0 0 0 1 1 0 0 0 0 0 1 0 0 1 0.008038906
156 16569 1266 1 1 1 0 1 1 1 1 1 1 0 1 1 0 1 0.008413539
157 17977 1531 0 1 1 0 1 1 1 1 1 1 1 1 1 1 1 0.007975131
158 10533 464 0 1 0 0 1 0 0 1 0 1 0 1 0 1 1 0.008487529
159 11394 354 0 1 0 1 0 0 0 0 0 1 1 0 1 1 0 0.007966863
160 15581 1471 1 1 0 1 1 1 1 1 1 0 1 1 1 0 1 0.008992263
161 14069 698 1 1 0 1 1 0 0 0 0 1 1 1 0 0 1 0.008803249
162 11804 584 1 0 0 1 0 0 0 1 1 1 0 0 0 0 1 0.007440955
163 8296 411 1 0 1 0 0 0 0 1 1 0 0 0 0 0 1 0.008987997
164 9085 661 0 0 1 0 0 1 0 0 0 1 1 0 0 0 1 0.008314255
165 13687 1334 1 1 1 0 1 1 1 1 0 1 1 1 1 1 1 0.00711844
166 12304 434 1 1 0 0 0 1 0 0 0 1 0 1 0 1 0 0.00688006
167 20819 1703 0 0 1 1 1 1 1 1 1 1 1 1 1 1 0 0.00831129
168 2775 29 0 0 0 0 0 0 0 0 0 0 0 0 1 0 1 0.00823302
169 19110 1361 1 1 1 0 1 0 1 0 1 1 1 1 1 0 1 0.009440489
170 13083 620 0 0 0 1 1 1 1 1 1 1 0 0 0 1 1 0.008771006
171 6994 210 1 0 0 0 0 1 1 0 1 0 0 0 1 0 0 0.008382522
172 16108 1088 1 0 1 1 1 1 1 1 1 1 1 1 1 1 1 0.007300882
173 19348 1251 0 1 1 0 1 1 0 1 1 1 1 1 1 1 1 0.007737032
174 18571 1087 1 1 0 1 1 1 0 1 1 1 0 1 1 1 1 0.007811873
175 16561 1235 1 1 1 1 1 1 1 0 0 1 1 1 0 1 0 0.007435548
176 15478 1162 1 1 1 1 0 1 1 1 1 0 1 1 0 1 0 0.006931013
177 8217 310 0 1 0 1 1 1 0 0 1 0 0 0 1 0 0 0.00694699
178 15713 995 1 1 1 1 1 1 1 1 0 1 1 1 1 0 1 0.005837641
179 7053 473 0 0 0 1 0 0 0 0 1 1 1 0 0 0 0 0.008592988
180 12637 1117 1 1 0 0 1 1 0 1 1 0 1 1 1 1 1 0.008484031
181 9056 417 0 0 0 1 1 1 1 0 0 1 0 0 0 0 1 0.008810089
182 14687 751 1 0 1 0 0 0 1 1 1 1 1 1 1 1 1 0.007512052
183 6166 263 0 1 1 0 1 0 0 0 0 0 0 0 0 0 0 0.007948352
184 13397 1084 1 1 1 1 0 1 0 0 1 1 1 0 1 1 1 0.006106627
185 9293 575 1 1 0 0 0 1 0 1 0 0 1 0 0 0 1 0.007578466
186 15526 1037 1 0 1 1 1 1 0 1 1 0 1 1 1 1 1 0.007038152
187 13033 412 1 1 0 1 0 0 0 1 1 0 0 1 1 0 0 0.006726942
188 21645 1426 1 1 1 0 1 1 0 1 1 1 1 1 1 1 1 0.007011587
189 20523 1948 1 1 1 1 1 1 1 1 1 0 1 1 1 1 1 0.007508403
190 15391 1958 1 1 1 1 1 1 1 1 1 0 1 1 1 1 1 0.007888613
191 12889 1018 1 1 1 1 1 0 0 0 1 0 0 1 1 0 1 0.009296736
192 10947 483 0 0 0 1 1 0 0 0 1 0 1 1 1 0 1 0.00795245
193 17315 995 1 1 0 1 0 1 0 1 1 1 0 1 1 1 1 0.007648955
194 17065 1467 1 0 1 1 1 1 1 1 1 1 1 1 1 1 1 0.00769869
195 15401 840 1 1 1 1 0 1 1 0 1 1 1 1 1 1 1 0.007025334
196 14957 841 0 1 0 1 0 0 1 1 1 1 0 1 1 0 1 0.00815701
197 9796 358 1 0 1 0 0 0 0 0 1 0 0 1 0 1 0 0.006170071
198 7728 164 0 1 0 1 0 1 0 0 0 0 1 0 1 0 0 0.007502448
199 16316 1280 1 1 0 0 1 1 1 1 0 1 1 1 0 1 1 0.008486302
200 22810 1550 1 1 0 1 1 1 1 1 1 1 1 1 1 1 1 0.009211892
201 7626 357 0 0 0 1 1 1 0 0 0 0 0 0 0 1 0 0.008731981
202 11020 429 1 1 0 1 0 1 0 0 1 0 1 1 0 0 0 0.008810783
203 17315 1586 1 1 0 1 1 1 1 1 1 1 1 1 1 1 1 0.006690387
204 16962 1517 1 1 0 1 1 1 1 1 1 0 1 1 1 1 1 0.006446652
205 12286 1059 1 1 1 1 0 1 1 0 0 0 1 1 0 1 1 0.007153557
206 15246 1075 0 0 1 1 0 0 1 1 0 1 1 1 1 1 1 0.007691119
207 9971 486 1 1 1 1 1 1 0 0 0 1 0 0 0 0 1 0.009084226
208 17115 973 1 1 1 1 0 1 1 0 1 1 0 0 1 0 0 0.007651024
209 9031 348 1 1 0 1 1 1 1 0 0 1 0 1 0 0 0 0.009455755
210 5985 125 1 0 0 0 0 0 1 1 1 0 0 0 0 0 0 0.008233921
211 12279 891 0 1 1 1 0 0 1 0 1 1 0 0 0 1 0 0.007610705
212 13221 716 1 1 1 1 0 0 0 0 1 0 0 1 1 0 1 0.008353646
213 11725 827 1 0 1 1 0 1 0 0 1 0 1 1 0 0 0 0.008404888
214 21292 1665 1 1 0 1 1 1 0 1 1 1 1 1 0 1 1 0.00613832
215 17970 776 1 1 1 0 0 1 1 1 1 0 0 1 1 0 1 0.007752691
216 15436 1292 1 0 1 1 0 0 1 1 1 1 1 1 1 1 1 0.007245479
217 11138 434 1 0 0 1 1 0 0 0 0 1 0 0 1 0 1 0.007591996
218 8222 334 1 0 0 1 0 1 0 0 0 1 0 1 0 1 0 0.007776979
219 18674 824 1 1 1 1 1 1 0 1 1 1 1 1 0 0 1 0.007879236
220 21144 1134 1 1 1 0 1 0 1 1 1 1 1 1 1 1 1 0.014349208
221 18649 1887 1 1 1 1 1 1 1 1 1 0 1 1 1 1 1 0.012044538
222 17496 1446 0 1 0 1 1 0 1 1 1 1 1 1 1 1 0 0.010057156
223 13553 532 1 0 1 0 0 1 1 1 0 1 0 1 1 1 0 0.009011374
224 4496 65 0 0 0 0 0 0 1 0 0 0 1 0 0 0 0 0.007840006
225 19544 1655 1 1 1 0 1 1 0 1 1 1 1 1 1 1 1 0.007788727
226 14087 1976 1 1 1 1 1 1 1 0 1 0 1 1 1 1 1 0.007183273
227 14215 1522 1 1 1 1 0 1 0 1 1 1 1 1 1 1 1 0.008172389
228 11239 727 1 0 0 1 0 1 0 0 0 1 1 1 1 0 1 0.009115749
229 16060 1965 1 1 1 1 1 1 0 1 1 0 1 1 1 1 1 0.007515346
230 2326 109 0 0 0 0 0 0 0 0 0 0 0 0 0 1 0 0.006778302
231 12498 562 0 0 0 0 1 1 1 1 0 0 0 1 1 1 1 0.006850993
232 18621 1110 0 1 1 0 0 0 1 1 0 1 1 1 1 1 1 0.005690267
233 11250 1640 1 0 1 1 1 1 0 1 1 0 1 1 0 1 1 0.006236994
234 16863 1427 1 1 1 1 0 1 0 1 0 1 0 1 1 1 1 0.00595199
235 12695 705 1 1 0 0 1 0 0 0 0 1 1 0 1 1 1 0.007125771
236 18585 1207 1 1 1 1 1 1 1 1 1 1 0 1 1 1 1 0.007226055
237 2106 19 0 0 0 0 0 0 0 0 0 1 0 0 0 0 0 0.006533041
238 16830 1466 1 1 1 1 1 1 1 1 0 0 1 1 1 1 1 0.006884972
239 507 33 0 1 0 0 0 0 0 0 0 0 0 0 0 0 0 0.008622021
240 13378 565 1 1 0 1 0 1 0 1 1 1 1 0 0 1 0 0.00900907
241 4909 125 1 0 0 0 0 0 0 1 1 0 0 0 0 0 0 0.007928614
242 1630 47 0 0 0 0 0 0 0 0 0 0 0 0 0 0 1 0.00688547
243 14213 858 1 1 1 1 0 0 1 0 0 0 1 1 1 0 1 0.006251607
244 8541 527 0 0 1 0 1 0 1 0 0 1 1 1 1 1 0 0.0061637
245 11642 1946 1 1 1 1 1 1 1 1 1 1 1 0 1 1 1 0.009042048
246 23596 992 1 0 1 0 1 1 1 1 1 1 1 1 0 1 1 0.007591384
247 13556 642 1 0 1 1 1 0 0 0 1 1 0 0 1 1 0 0.00837894
248 16789 1680 1 1 1 0 1 1 1 1 1 1 1 1 1 1 1 0.007939599
249 13345 1521 1 1 1 1 1 1 0 1 1 1 0 1 0 1 1 0.007691386
250 19272 1321 1 1 1 1 1 1 1 0 1 1 1 0 1 1 1 0.007210584
251 16040 1461 1 0 1 1 1 1 1 1 1 1 1 1 1 1 1 0.00873609
252 12367 964 0 1 0 1 1 0 1 1 0 1 0 0 1 1 0 0.006902711
253 12367 1327 1 1 1 1 1 1 1 0 1 1 1 0 1 1 1 0.006742605
254 10550 389 0 1 1 1 0 0 1 0 0 1 1 0 0 1 0 0.006788963
255 16652 1236 1 0 1 1 1 0 1 1 0 1 0 1 1 0 1 0.007147784
256 18125 963 1 1 1 1 1 0 0 1 1 1 0 1 1 1 1 0.007867711
257 12065 642 0 1 1 1 1 0 1 1 1 1 1 0 1 1 0 0.007448809
258 19787 1700 1 1 1 1 0 1 1 1 1 1 1 1 1 1 1 0.006281025
259 9993 398 0 0 0 1 0 1 1 1 0 0 1 1 0 0 1 0.007081505
260 8533 255 0 0 0 0 1 0 0 1 0 0 1 0 0 0 1 0.008032699
261 20102 1629 1 1 1 1 1 1 1 1 1 1 1 1 0 0 1 0.007786215
262 3735 35 0 0 0 0 0 0 0 0 1 0 0 0 0 0 1 0.008350367
263 15911 1063 0 1 1 1 1 1 1 1 0 0 1 1 0 0 1 0.007793932
264 5347 424 1 1 0 0 1 0 0 0 1 1 0 0 0 0 0 0.006918018
265 9338 900 1 0 0 1 0 1 1 1 0 1 0 1 0 1 0 0.007845842
266 18933 1782 0 1 1 1 1 1 1 1 1 1 1 1 1 1 1 0.007142813
267 11595 427 1 0 0 1 0 0 1 0 1 0 1 0 0 0 1 0.006963481
268 6500 383 1 0 1 0 0 1 0 0 0 0 1 0 0 0 1 0.007817549
269 16025 1220 1 1 1 1 1 1 1 1 0 0 0 0 1 0 1 0.006708315
270 19454 1545 1 1 1 1 1 1 1 1 1 1 1 1 1 1 0 0.006375367
271 15354 1852 1 1 1 1 1 1 1 1 0 1 1 0 1 1 1 0.006645362
272 18458 1749 1 0 1 1 1 1 1 1 1 1 1 1 1 1 1 0.00640673
273 18824 1687 1 0 1 1 0 1 1 1 1 1 1 1 1 1 1 0.006149568
274 6352 55 0 0 0 0 0 0 1 0 0 0 0 1 1 0 0 0.007183048
275 11143 806 1 1 0 1 1 1 1 0 1 0 0 0 0 1 0 0.008796235
276 22233 1387 1 1 1 1 1 1 0 1 1 1 1 1 1 1 1 0.007469118
277 15858 1427 1 1 1 1 1 1 1 1 1 1 1 0 1 0 1 0.007334539
278 18149 1295 1 0 1 1 1 1 0 1 1 0 1 1 1 0 1 0.007992865
279 9986 467 1 1 0 0 0 0 0 0 1 1 1 1 0 0 1 0.009285821
280 22469 1507 1 1 1 1 1 1 1 1 1 1 0 1 0 1 1 0.008902037
281 15534 1186 0 1 1 1 1 1 1 1 1 1 1 1 1 1 1 0.007731137
282 17136 1080 1 1 0 1 0 1 1 0 1 0 1 1 1 1 0 0.0070866
283 14404 734 1 0 0 1 0 1 1 1 1 0 1 0 0 1 1 0.005905712
284 9120 1096 1 1 1 1 1 0 1 1 0 1 0 1 1 0 0 0.005690533
285 8336 366 0 0 0 1 1 0 0 0 0 0 1 0 1 1 0 0.00723905
286 19612 1314 1 1 1 0 1 1 1 1 1 1 1 1 1 1 1 0.007867407
287 17244 698 1 1 0 1 1 1 1 1 1 1 0 1 1 0 1 0.007067606
288 17499 1604 1 1 1 1 1 1 1 1 0 0 1 1 1 1 1 0.008070297
289 16460 1140 1 1 1 1 0 1 1 1 1 0 1 1 1 0 1 0.007313511
290 17688 916 1 1 1 1 0 1 1 1 0 1 1 1 1 1 1 0.007054607
291 3542 116 0 0 0 0 0 0 0 0 0 1 0 0 0 1 0 0.008055172
292 14234 1432 1 1 1 1 0 1 1 1 1 0 1 1 0 1 1 0.007595436
293 19570 1161 1 1 0 1 1 0 1 1 1 1 1 0 1 1 1 0.006294076
294 17331 1558 1 0 1 1 1 1 1 1 1 0 1 1 1 1 0 0.006597034
295 25129 1524 1 1 1 1 1 1 1 1 1 1 0 1 1 1 1 0.006504121
296 7077 464 0 0 0 1 0 1 1 0 0 0 0 0 0 0 1 0.006529858
297 11848 127 1 1 0 1 1 0 0 0 1 1 0 1 0 0 1 0.007797527
298 15974 1527 1 1 1 1 1 1 1 1 1 1 1 0 1 1 1 0.008543796
299 17606 1416 1 1 1 0 1 1 1 1 1 1 1 1 1 1 1 0.008929488
300 9819 342 1 0 1 0 1 1 0 1 0 0 0 0 0 1 0 0.008306883
301 6634 604 1 1 0 1 0 0 0 0 0 0 0 1 0 1 0 0.008163288
302 4742 127 0 1 0 0 0 1 0 0 0 0 0 0 0 0 0 0.008316986
303 0 0 0 0 0 0 0 0 0 0 0 0 0 0 0 0 0 0.007913066
304 16437 860 1 1 1 1 1 1 1 0 1 0 0 0 1 0 1 0.007977215
305 18449 1567 1 1 1 1 1 1 0 1 1 1 1 1 1 1 1 0.007461178
306 21261 1811 1 1 1 1 0 1 1 1 1 1 1 1 1 1 1 0.007668299
307 7185 146 0 1 1 0 0 0 0 1 1 1 0 0 0 1 1 0.007837268
308 19712 1397 1 1 1 1 1 1 1 1 0 1 1 1 1 1 1 0.008342181
309 14719 1187 1 0 1 1 1 0 0 0 1 0 1 1 0 1 1 0.007605316
310 8550 466 0 0 0 0 0 0 1 1 1 1 0 1 0 0 1 0.007716337
311 19873 1206 0 1 1 1 1 1 0 1 1 1 1 1 1 1 0 0.007732595
312 13122 907 0 1 1 1 1 1 0 0 1 0 0 1 0 1 1 0.007701095
313 6751 496 1 1 0 0 0 0 1 0 0 0 0 0 0 0 1 0.008106227
314 15347 1756 1 0 1 1 1 1 1 1 1 1 1 1 0 1 0 0.006930396
315 11644 727 0 1 0 0 0 1 0 1 1 1 0 1 1 0 1 0.007018632
316 4397 123 0 0 0 0 0 0 0 1 0 0 0 0 0 1 0 0.006481442
317 13687 724 0 1 0 0 1 1 1 0 1 1 0 0 0 1 1 0.006320855
318 18496 1249 0 1 1 1 1 0 0 1 1 1 0 1 1 1 1 0.006524523
319 6807 539 0 0 0 0 0 0 0 0 1 0 1 1 1 0 1 0.007674025
320 9150 484 1 1 0 1 0 1 1 0 1 0 0 0 1 0 0 0.007765091
321 13264 1142 0 0 1 1 1 1 1 1 1 0 0 1 0 1 1 0.00560931
322 19213 1328 1 1 0 1 1 1 1 1 1 1 1 1 1 1 1 0.006926443
323 12870 485 1 0 1 0 1 1 0 1 0 1 1 0 0 1 1 0.006546043
324 16317 984 1 1 1 1 0 1 1 0 0 0 1 0 1 1 0 0.006459589
325 13695 870 1 0 0 1 0 0 0 1 1 1 1 0 1 1 0 0.006835918
326 17830 860 1 1 0 1 1 0 1 0 1 1 1 1 0 0 1 0.005985914
327 15907 1291 1 1 0 1 0 0 1 1 1 0 0 0 1 1 1 0.006378271
328 17675 1985 1 1 0 1 1 1 1 1 1 1 1 1 1 1 1 0.006448135
329 14915 535 1 0 1 1 1 1 1 0 0 1 0 1 0 0 0 0.007088678
330 9330 185 0 0 0 0 0 0 1 1 0 0 0 0 1 1 1 0.007500285
331 16661 1048 1 0 0 0 1 1 1 1 1 0 1 1 1 0 0 0.008501359
332 11044 821 0 0 1 1 0 1 1 0 0 0 0 1 1 0 1 0.007504787
333 20273 1201 0 1 1 1 1 1 1 1 1 0 1 1 1 1 1 0.007908406
334 11676 664 0 1 1 1 1 0 0 1 0 0 1 0 0 1 0 0.00713059
335 20009 1486 0 1 1 1 1 1 1 1 1 1 1 1 1 1 0 0.006809389
336 16027 897 0 1 1 1 1 1 0 0 0 1 1 0 0 1 1 0.009176872
337 17635 1130 1 0 0 1 1 1 1 1 0 1 1 1 1 0 1 0.00855179
338 17045 2034 1 1 0 1 1 1 1 1 1 1 1 0 1 1 1 0.006416372
339 13366 730 0 1 1 1 1 1 0 1 1 1 0 0 0 0 0 0.006467634
340 9838 327 0 0 0 1 1 1 0 1 0 0 0 1 0 0 0 0.006134384
341 4929 176 1 1 0 0 0 0 0 0 0 0 0 0 1 0 0 0.007030815
342 12976 1151 1 1 1 1 0 0 0 1 1 0 0 1 1 1 1 0.007962929
343 18281 1456 1 1 1 1 1 0 1 1 1 1 1 1 1 1 1 0.006650141
344 18162 1541 0 1 1 1 1 1 0 1 1 1 1 0 1 0 1 0.005612014
345 8043 409 0 0 1 1 0 0 0 1 0 0 0 0 0 1 1 0.005822581
346 13636 1299 0 1 1 0 1 1 1 0 1 1 1 1 1 1 1 0.006223266
347 16157 1344 0 1 0 1 1 1 1 0 1 0 1 1 0 1 1 0.005302141
348 14326 1289 0 1 1 1 1 1 1 1 1 1 0 0 0 1 1 0.006606959
349 12068 754 1 1 0 0 0 1 1 1 1 0 0 0 0 1 1 0.006325352
350 20075 2040 0 1 1 1 1 1 1 1 1 1 1 1 1 1 1 0.005964511
351 16068 1231 0 0 1 1 1 1 1 0 0 0 1 1 1 1 1 0.006278043
352 15236 1010 0 0 1 0 1 0 1 1 1 1 1 0 1 1 1 0.005584474
353 15568 628 1 0 0 1 1 1 0 0 1 1 0 0 1 1 1 0.006052979
354 15249 1298 0 1 1 0 1 1 1 1 0 0 0 1 1 1 0 0.007083885
355 13282 838 0 1 1 1 0 1 0 1 0 1 1 0 0 1 1 0.008449902
356 19532 1543 1 1 1 1 1 1 1 0 1 1 1 1 0 1 1 0.007981922
357 2015 63 0 0 0 0 0 0 0 0 0 0 1 0 0 0 0 0.008107049
358 6229 404 0 0 0 0 0 1 0 0 1 0 0 0 1 0 0 0.00810129
359 18106 1351 1 1 1 1 1 0 1 1 1 1 1 0 0 1 1 0.007273242
360 19713 1991 1 1 1 1 1 1 0 1 1 1 1 1 1 1 1 0.00839843
361 17268 1587 1 1 0 0 1 1 1 1 1 0 1 1 1 1 1 0.007170291
362 16531 1367 0 0 1 1 1 0 1 1 1 1 1 0 1 0 1 0.007631463
363 21932 1219 0 0 1 1 1 1 1 1 1 1 1 1 1 1 1 0.007918156
364 5147 105 0 0 0 1 0 0 0 0 1 0 0 1 0 1 0 0.00809773
365 20665 1875 1 1 1 1 1 1 1 1 1 0 1 1 1 1 1 0.007829299
366 11593 516 1 1 0 1 0 0 1 0 1 0 1 0 0 0 1 0.008087407
367 5070 236 0 0 0 1 1 0 1 0 0 0 0 1 0 0 0 0.006673018
368 12196 641 1 1 1 0 1 1 1 1 1 1 0 1 0 0 1 0.006013774
369 21623 1640 1 1 1 0 1 1 1 0 1 1 1 1 1 1 1 0.005511881
370 12988 377 0 1 0 0 1 0 1 1 1 0 1 0 0 0 1 0.006937247
371 6057 199 0 0 0 0 1 0 1 0 0 1 0 0 0 0 0 0.005823594
372 10122 697 1 0 1 0 1 0 0 1 1 0 1 0 1 0 1 0.006988986
373 7545 90 0 0 0 0 0 1 1 1 0 0 0 1 0 0 0 0.006275218
374 14693 699 0 1 0 0 1 1 1 1 1 0 0 0 0 0 1 0.006262613
375 16908 1356 1 1 1 1 1 1 1 1 1 0 1 1 1 1 0 0.005982919
376 20454 1494 1 1 1 1 1 1 1 0 1 1 1 1 0 1 1 0.00678417
377 7407 111 0 0 0 0 0 0 1 1 0 0 0 0 1 1 0 0.007413496
378 17584 455 1 0 1 1 1 1 1 1 1 1 0 1 0 1 1 0.008093824
379 23457 1850 1 1 1 1 1 1 1 1 0 1 1 1 1 1 1 0.006108373
380 12671 1339 1 1 1 0 0 0 1 1 1 1 0 1 0 1 1 0.006682013
381 14633 860 1 1 1 0 0 1 0 0 1 1 1 0 0 1 1 0.0154508
382 15550 1094 0 1 1 1 1 1 0 1 0 1 0 1 1 1 1 0.010262152
383 16747 1860 0 1 1 1 1 0 1 1 0 1 1 1 1 1 1 0.008915057
384 15594 1814 0 1 1 0 1 1 1 1 1 1 1 1 1 1 1 0.007907944
385 6808 273 0 1 0 0 0 0 0 1 0 1 0 0 0 0 1 0.008259721
386 12707 512 1 1 0 1 1 0 0 0 1 1 1 1 0 0 1 0.006051433
387 18302 1770 1 1 1 1 1 1 1 1 1 1 1 1 0 1 1 0.006692478
388 4437 61 0 0 0 0 0 0 0 0 0 0 0 0 1 0 1 0.00661361
389 14874 856 0 0 1 1 1 1 0 1 0 0 0 1 1 1 1 0.00624726
390 11759 752 0 0 1 1 0 0 0 1 1 0 1 0 1 0 1 0.005650847
391 10116 533 0 1 0 0 1 0 1 0 0 1 1 0 0 0 0 0.005954223
392 18298 1775 1 1 1 1 1 1 1 1 1 1 0 1 1 1 1 0.006579381
393 18416 1898 1 1 1 1 1 1 1 1 1 1 1 1 1 0 1 0.006514471
394 14135 538 1 0 1 0 1 0 1 0 1 1 1 0 0 1 0 0.006700707
395 12562 913 1 0 1 0 0 0 1 1 1 0 1 0 1 0 1 0.007986472
396 12360 499 1 1 1 0 0 0 1 1 1 0 0 1 1 1 0 0.006611973
397 6970 317 1 0 1 0 0 0 1 0 0 0 0 1 0 0 0 0.006231803
398 5443 410 0 1 0 0 1 0 0 0 1 0 1 0 0 0 0 0.00704228
399 15352 1549 1 1 1 1 0 1 1 1 1 1 1 1 1 0 1 0.007259839
400 13318 919 0 1 0 0 1 1 0 1 1 0 1 0 1 1 1 0.008190103
401 17475 1337 1 1 1 0 0 1 1 1 1 1 1 0 1 0 1 0.007739275
402 18128 1735 1 1 1 1 1 0 1 1 1 1 1 1 1 1 1 0.008062816
403 3941 43 0 0 0 0 0 0 0 0 1 0 1 0 0 0 0 0.007487338
404 4466 218 0 0 0 0 0 0 1 0 1 0 0 0 0 0 0 0.007368745
405 14818 929 1 1 0 1 0 1 0 1 0 1 1 0 1 1 0 0.006853807
406 16573 1507 1 1 1 1 1 1 0 1 1 1 1 1 1 1 0 0.008534695
407 15337 1506 1 0 1 1 1 0 1 1 1 0 1 1 1 1 1 0.007376739
408 13835 585 0 0 0 0 1 1 1 1 1 0 1 1 0 0 0 0.005972672
409 9887 352 0 0 0 0 1 0 1 1 1 0 1 1 0 1 0 0.006361461
410 22314 1327 1 1 1 1 1 1 1 1 1 1 1 1 0 1 1 0.006557179
411 7111 537 1 0 0 1 0 0 0 0 0 0 0 1 0 1 0 0.007040646
412 21921 1319 1 1 1 1 1 1 1 1 0 0 1 1 1 1 1 0.007946455
413 22963 1377 1 1 1 1 0 1 1 1 1 1 1 1 1 1 1 0.007033207
414 12188 527 0 0 0 1 0 0 0 1 1 1 0 1 1 1 1 0.00550919
415 16696 727 1 1 0 1 1 1 1 0 1 0 1 0 1 0 1 0.006918895
416 20819 1097 0 1 1 1 0 1 1 1 1 1 1 1 1 1 0 0.006687444
417 11500 610 1 1 0 1 0 1 0 1 1 0 0 0 1 0 1 0.00689147
418 14531 766 1 0 1 1 0 1 1 0 0 1 1 0 0 1 1 0.008132061
419 9366 539 0 0 0 1 1 1 0 0 0 0 1 1 0 0 0 0.007303267
420 12810 1129 1 1 1 1 1 0 0 1 1 1 0 0 1 1 0 0.006322678
421 17584 1618 1 1 1 1 0 1 1 1 1 1 1 1 1 1 1 0.006700387
422 12136 552 1 0 1 0 0 0 0 1 1 1 1 0 0 1 0 0.006331901
423 6968 262 0 1 0 1 0 0 0 1 0 1 0 0 0 0 1 0.00659004
424 17520 1736 1 1 1 1 1 1 1 0 1 1 1 1 1 1 1 0.006851476
425 10751 454 1 0 1 0 0 0 0 0 0 1 1 1 1 0 0 0.006921749
426 10538 572 0 1 1 0 0 0 0 0 1 0 1 1 1 1 0 0.005965375
427 18486 1083 1 1 0 1 1 1 1 1 1 1 0 1 0 1 0 0.006216595
428 7841 482 0 1 1 0 1 1 0 0 0 1 0 0 0 1 1 0.006649004
429 10393 825 0 0 1 1 0 0 0 0 0 0 1 0 1 1 1 0.006727283
430 17476 550 1 1 1 0 1 1 0 1 0 1 0 1 1 1 0 0.007835576
431 18015 1424 0 1 1 1 1 1 1 1 1 1 1 1 1 0 1 0.00732818
432 14046 1247 0 1 1 1 0 0 1 1 0 0 0 1 0 1 1 0.005670345
433 7212 59 0 0 0 0 1 0 1 0 0 0 1 0 1 0 0 0.00628918
434 17656 1300 1 1 1 1 0 1 1 1 1 0 0 1 1 0 1 0.00642871
435 9233 616 0 0 0 0 1 1 0 1 0 1 1 1 0 1 0 0.00692246
436 12937 811 1 1 0 1 0 1 1 0 1 1 0 1 1 0 0 0.007203054
437 17946 2125 1 1 1 1 1 1 1 1 1 1 0 1 1 1 1 0.007922098
438 15066 1528 1 1 1 1 1 1 1 0 1 1 1 1 1 1 1 0.005998049
439 13111 697 0 0 1 0 1 1 0 1 1 1 1 1 0 0 1 0.00652836
440 11868 881 0 1 0 1 1 1 0 0 1 0 1 1 0 0 1 0.006187895
441 18215 1638 1 1 1 1 0 1 1 1 1 1 1 1 0 1 1 0.006972279
442 12610 1116 1 1 1 1 0 1 1 1 0 1 0 0 1 1 0 0.006894862
443 17975 1722 1 1 1 1 0 1 1 1 1 1 1 1 1 1 1 0.006581255
444 10068 381 0 0 0 1 1 0 1 1 0 0 1 0 0 0 1 0.006218729
445 17344 1097 1 1 1 1 1 1 1 0 1 1 0 1 1 1 1 0.005962865
446 6014 420 0 0 0 0 0 1 0 1 0 1 1 0 0 0 0 0.006167391
447 6909 227 0 0 1 0 0 0 0 0 0 1 1 0 1 0 1 0.006025723
448 13769 963 1 1 1 1 0 0 1 0 1 1 1 0 0 1 1 0.007181384
449 4337 97 1 0 0 0 0 0 0 0 0 0 0 1 0 0 1 0.007052088
450 21803 1698 1 1 1 1 1 0 1 1 1 1 1 1 1 1 1 0.006380423
451 18274 1345 1 1 1 1 0 1 1 0 1 1 1 1 0 0 1 0.005994885
452 10868 577 1 1 1 0 1 0 1 0 1 0 0 0 1 1 0 0.006400881
453 18760 1057 0 0 1 1 0 1 1 0 0 1 1 1 1 1 1 0.006687709
454 10362 266 0 0 0 1 1 0 0 0 1 1 0 0 1 0 0 0.007322954
455 10854 317 1 0 1 1 1 0 1 1 0 0 0 1 0 0 0 0.007335516
456 15161 703 1 0 0 1 0 0 1 0 1 1 1 1 0 1 1 0.005335218
457 24334 1647 1 0 0 1 1 1 1 1 1 1 1 1 1 1 1 0.006345566
458 11297 671 0 0 0 0 1 0 1 1 0 1 0 1 1 1 1 0.006079563
459 11642 938 1 1 1 0 1 1 0 1 0 0 1 0 0 1 0 0.006412298
460 15672 1117 0 0 0 1 1 1 0 1 1 1 1 1 0 1 0 0.007666793
461 9622 261 0 1 0 1 0 1 0 0 0 0 1 1 0 0 0 0.007217008
462 20498 1731 1 1 1 1 1 1 1 1 1 1 1 1 1 1 0 0.006692422
463 1802 58 0 0 0 0 0 0 0 0 0 0 0 1 0 0 0 0.005787654
464 19630 1666 0 1 1 1 1 1 1 1 1 1 1 1 1 1 1 0.006057849
465 14034 850 1 0 0 1 1 0 1 1 0 0 1 1 0 1 1 0.006182614
466 8020 519 1 0 0 1 1 0 1 0 0 1 0 1 0 0 0 0.007210698
467 1274 7 0 0 0 0 0 0 0 1 0 0 0 0 0 0 0 0.006683363
468 2171 39 0 0 1 0 0 0 0 0 0 1 0 0 0 0 0 0.005753707
469 10706 515 0 1 1 1 0 0 0 0 0 0 1 0 0 1 0 0.006000058
470 11482 1152 1 0 0 1 1 0 1 1 0 1 0 1 0 1 1 0.005815044
471 13239 1387 0 0 1 1 1 1 1 1 1 0 1 1 1 1 1 0.006331364
472 18428 1796 1 1 1 1 1 1 0 1 1 1 1 1 1 1 1 0.007053588
473 9264 929 0 1 1 0 1 0 0 0 0 0 0 0 1 1 1 0.00784784
474 17402 1774 1 1 0 1 1 1 1 1 1 1 1 1 1 1 1 0.006052325
475 18150 912 1 0 1 0 1 1 1 1 1 0 1 0 1 1 1 0.005894409
476 15190 1197 0 0 1 1 0 1 1 1 1 1 1 1 1 0 1 0.005519166
477 8388 623 0 0 0 0 0 1 1 0 0 0 0 1 1 1 1 0.006016864
478 8812 411 0 0 0 1 0 0 1 1 1 0 0 0 0 0 1 0.007006152
479 14571 846 1 1 1 0 0 0 1 1 1 0 1 1 0 1 0 0.006888553
480 16250 1162 1 1 1 1 1 0 1 0 1 0 1 0 1 1 1 0.005542404
481 4869 87 0 0 0 0 0 0 1 0 0 1 0 1 0 0 0 0.006034537
482 10348 776 1 0 0 1 0 0 1 1 1 0 1 1 0 0 0 0.005546372
483 12087 635 1 0 0 1 1 0 1 0 0 1 1 1 0 0 0 0.006402342
484 15328 878 1 0 1 1 1 1 0 1 1 0 0 1 1 0 1 0.006530976
485 15829 682 1 0 0 1 0 0 1 1 1 1 0 0 1 1 1 0.007452514
486 1396 22 0 0 0 1 0 0 0 0 0 0 0 0 0 0 0 0.005605657
487 17882 886 1 1 0 0 1 1 1 1 1 1 1 0 1 0 0 0.007446666
488 12194 711 1 1 1 1 0 0 1 1 0 1 0 1 0 1 0 0.005717279
489 1148 12 0 0 0 0 0 0 0 1 0 0 0 0 0 0 0 0.00623778
490 12249 1265 1 1 1 0 1 1 0 1 1 1 1 0 0 1 1 0.006305923
491 14308 1039 1 1 0 1 0 0 1 1 0 1 1 0 1 1 1 0.006872957
492 8895 276 1 1 0 0 0 0 0 0 1 0 1 0 1 0 0 0.005621005
493 17644 991 1 0 1 1 1 1 1 0 1 0 1 0 0 1 1 0.005607231
494 9045 352 0 0 1 0 0 0 0 1 0 0 1 1 1 0 1 0.005568549
495 19692 1788 1 1 0 1 1 1 1 1 1 1 1 1 1 1 1 0.006130385
496 14010 825 1 1 0 1 1 1 1 0 0 0 0 0 0 1 1 0.006391955
497 18358 1648 1 1 0 1 1 1 1 1 1 1 1 1 1 0 1 0.008115343
498 9268 457 1 0 0 0 1 0 1 1 0 0 0 1 0 1 0 0.006212467
499 16543 478 0 0 1 1 1 0 1 0 1 0 0 1 1 1 1 0.006788338
500 23252 1646 1 1 1 1 0 1 1 1 1 1 1 1 1 1 1 0.006791432
