1 17561 1209 0 1 0 1 1 1 0 1 1 0 1 1 0 1 1 1 1 0 1 1 0.297123275
2 20949 662 1 0 1 1 0 0 1 0 0 0 1 1 1 1 0 1 0 1 0 1 0.294011015
3 26514 1991 1 1 1 0 1 1 1 0 0 0 1 1 1 1 1 1 1 1 1 1 0.293247469
4 20845 1115 1 1 0 0 1 1 1 0 0 0 1 1 1 1 0 1 1 0 0 1 0.292419856
5 19271 615 1 0 1 1 0 1 0 0 1 1 0 0 1 0 1 0 0 0 1 1 0.287630408
6 26525 1440 1 1 0 1 1 1 1 1 1 1 1 1 0 1 0 0 1 1 1 0 0.295867287
7 27210 2606 1 0 1 1 1 1 1 1 1 1 1 1 1 1 1 1 1 1 1 1 0.306185478
8 19650 1389 0 0 1 1 1 1 0 1 1 1 0 0 1 0 1 1 1 1 1 1 0.296081372
9 10363 249 0 0 1 0 0 1 0 0 0 1 0 0 1 1 0 1 1 0 0 0 0.293120639
10 23370 2444 1 1 1 1 1 1 1 1 1 0 1 1 1 1 1 1 1 1 1 1 0.289464537
11 19251 1372 1 0 1 1 1 1 1 0 0 0 1 1 0 1 1 0 1 1 0 1 0.300101151
12 19549 2331 1 1 1 1 1 1 0 1 1 1 0 1 1 1 1 1 0 1 1 1 0.281693216
13 10419 454 1 0 0 0 0 0 0 0 1 0 1 0 0 0 0 1 0 1 0 1 0.300765323
14 16018 1156 1 1 1 0 0 0 1 0 1 0 0 1 0 1 0 0 0 1 1 1 0.304915679
15 30708 2562 1 1 1 1 1 1 1 1 1 1 1 1 1 1 1 1 1 0 1 1 0.286936774
16 8752 186 1 0 0 1 0 0 0 0 0 1 1 0 0 0 0 0 0 0 0 1 0.283694882
17 20560 1435 1 1 1 0 0 1 1 0 0 1 1 1 0 0 1 1 1 0 1 1 0.287168154
18 24589 2519 1 1 1 1 1 1 1 1 1 1 1 1 1 1 1 1 1 0 1 1 0.291392647
19 24440 2160 1 1 1 1 1 1 1 1 1 1 1 1 1 1 0 1 1 1 1 1 0.292928379
20 24417 1608 1 0 0 1 1 1 1 1 1 1 1 1 1 1 1 1 1 1 1 1 0.288151282
21 12128 350 1 1 0 1 0 0 0 1 1 0 1 0 1 0 0 0 0 0 1 0 0.291602601
22 19371 1934 1 0 1 1 1 1 1 1 1 0 1 0 0 0 1 0 1 1 1 1 0.284105498
23 28320 1696 1 1 1 0 1 0 1 1 1 1 1 1 1 1 1 1 1 0 1 1 0.286446305
24 22767 1465 1 1 1 1 0 0 1 1 1 0 1 1 1 1 0 0 0 1 0 1 0.292508396
25 22575 2162 1 1 0 1 1 1 1 1 1 1 1 1 0 1 1 1 1 1 1 1 0.290418099
26 29168 2171 1 1 1 1 1 1 1 1 1 1 1 1 1 1 1 1 0 1 1 1 0.297125187
27 28964 1833 1 1 1 0 1 1 1 1 1 1 0 0 1 1 1 1 1 1 1 1 0.29599189
28 11722 255 1 1 0 0 1 1 0 0 0 1 1 0 0 1 0 0 0 0 0 0 0.293858511
29 22563 1207 0 0 0 1 0 0 1 1 0 1 1 1 1 1 0 1 1 1 0 1 0.295793745
30 4627 184 0 0 0 1 1 1 0 0 0 0 0 0 0 0 0 0 0 0 0 0 0.291450035
31 24095 2134 0 1 1 1 1 1 1 1 1 1 0 1 1 1 1 1 1 1 0 1 0.285580286
32 22409 1466 1 1 1 1 0 1 1 1 1 0 1 0 1 0 1 0 0 0 1 1 0.311577165
33 24312 1350 1 1 1 1 1 0 0 1 0 1 0 1 1 0 1 1 1 1 1 1 0.292091578
34 25567 1615 1 1 1 1 0 1 1 1 1 1 0 1 1 1 1 1 1 0 1 1 0.279964677
35 21271 917 0 0 1 1 1 1 1 1 1 0 1 1 0 0 0 1 0 1 1 1 0.288138611
36 18595 1221 0 0 0 1 1 0 0 1 0 1 1 1 0 1 0 1 0 1 1 0 0.294507612
37 25917 1925 1 1 1 1 1 1 1 1 1 1 1 1 0 1 1 1 1 1 1 1 0.298864961
38 21341 2695 1 1 0 1 1 1 1 1 1 1 1 1 1 1 0 1 1 1 0 1 0.292964762
39 13696 489 1 0 0 1 1 0 1 0 1 0 1 0 0 0 1 1 0 1 0 0 0.303132666
40 10863 367 0 1 0 0 1 0 0 0 1 0 0 0 1 0 0 1 0 1 0 0 0.275953786
41 21445 1933 1 1 1 1 1 1 1 1 1 1 1 1 0 1 1 1 0 1 0 1 0.284622604
42 13808 743 0 0 1 0 0 1 1 0 1 1 0 1 0 1 0 1 0 0 1 0 0.286443104
43 15675 1235 0 1 0 1 1 0 1 0 1 1 0 0 1 1 1 1 0 1 0 0 0.283317056
44 18791 2465 1 1 1 1 1 0 1 1 0 1 1 1 1 1 1 0 0 1 1 1 0.300666092
45 17885 785 1 0 1 0 0 0 0 0 1 1 1 0 1 1 1 0 1 0 0 1 0.281821857
46 16493 1113 0 0 0 1 1 1 0 1 0 0 1 0 1 0 1 1 0 1 1 0 0.294973595
47 20778 2573 1 1 1 1 0 1 1 1 1 1 1 1 1 1 1 1 1 1 0 1 0.304527832
48 25501 1991 1 1 1 1 1 1 1 1 1 1 1 1 1 1 0 1 1 1 1 1 0.282114653
49 18969 896 1 1 1 1 1 1 1 0 0 0 1 0 0 0 0 1 1 1 1 0 0.295964043
50 21561 1561 1 0 1 1 0 1 1 1 1 1 1 1 0 0 1 1 0 1 1 1 0.302312926
51 9520 286 1 0 0 0 0 0 0 0 0 0 1 0 0 0 0 0 0 1 1 1 0.298686247
52 14649 688 0 0 1 1 0 1 0 0 0 1 0 1 0 1 0 0 1 0 1 0 0.289390883
53 28579 2073 1 1 1 1 1 1 0 1 1 1 1 0 1 1 1 1 1 1 1 1 0.294772896
54 18117 957 0 0 1 1 1 1 0 0 1 1 1 1 0 0 1 0 0 0 1 1 0.295429681
55 20988 1590 1 1 0 1 1 1 0 0 1 1 0 0 1 0 1 1 1 1 1 1 0.281924525
56 17745 2511 1 1 1 1 1 1 1 1 1 1 1 1 1 1 1 1 1 1 1 0 0.286426624
57 13487 674 1 1 1 1 0 0 0 1 0 0 0 0 1 1 1 0 0 0 1 1 0.305221423
58 27658 1663 1 1 1 1 0 1 1 1 1 1 0 1 0 1 1 1 0 1 1 1 0.303651342
59 25731 2072 1 1 1 0 1 1 1 1 1 1 0 1 1 1 1 1 1 1 1 1 0.297517387
60 24902 1918 1 1 1 1 1 1 1 0 1 1 1 1 1 1 1 1 0 1 0 1 0.286026175
61 21534 2000 1 0 1 0 0 1 1 1 1 1 1 1 1 1 0 1 1 1 1 1 0.292341107
62 26185 1808 1 1 1 1 1 1 1 1 1 1 1 0 1 1 1 1 1 1 1 1 0.296536714
63 18043 1010 1 0 1 0 1 1 1 0 1 0 0 0 1 1 0 1 0 0 1 0 0.292645123
64 18218 1012 1 1 0 1 1 0 0 0 1 1 0 1 0 1 1 1 0 0 1 1 0.298636632
65 15681 686 0 0 1 1 1 1 0 0 0 1 1 1 0 1 0 0 0 1 0 1 0.286949069
66 15683 844 1 0 0 1 1 0 1 1 1 0 0 0 1 0 1 0 1 1 1 0 0.298133895
67 25267 2694 1 1 1 1 1 1 1 1 1 1 1 1 1 1 1 1 1 0 1 1 0.293359704
68 28944 1778 1 1 1 1 0 1 1 0 1 1 1 0 1 1 1 1 1 1 1 1 0.301763113
69 21264 1176 0 1 1 0 1 1 0 1 1 1 1 0 1 0 1 1 1 1 1 1 0.297255141
70 4454 61 0 0 0 0 0 0 0 1 1 0 0 0 0 1 0 0 0 0 0 0 0.299966909
71 24433 1785 1 1 1 1 1 1 1 1 1 1 1 1 0 0 1 1 1 1 1 1 0.291258307
72 20384 1561 1 1 0 0 1 1 1 1 0 1 1 0 0 1 0 1 0 1 1 1 0.29732165
73 24215 2145 1 0 1 1 1 1 0 1 1 1 1 1 1 0 1 0 1 1 1 0 0.293122975
74 19611 1873 1 1 1 0 1 1 1 1 0 1 1 1 1 1 1 1 1 1 0 1 0.292597005
75 7414 72 1 0 0 0 1 0 0 1 0 1 0 0 0 0 0 0 0 0 0 0 0.315351371
76 27779 2205 1 1 1 0 1 1 0 1 1 1 1 1 1 1 1 0 1 1 1 1 0.301581244
77 20537 2597 0 1 1 1 1 1 1 0 1 1 1 0 1 1 1 0 1 1 0 1 0.283748751
78 12188 195 1 0 0 1 0 0 0 1 0 0 0 1 0 1 1 0 0 0 0 1 0.299775313
79 21921 1876 1 1 1 1 1 0 1 1 1 1 1 1 1 0 1 1 1 1 1 0 0.295882824
80 22053 2141 1 1 1 1 1 0 1 1 1 1 1 0 1 1 1 1 1 1 1 1 0.309647213
81 21600 1775 1 1 0 1 1 1 1 1 1 0 1 0 1 1 1 0 1 1 1 1 0.30273696
82 8417 118 0 1 0 0 0 1 0 0 0 1 0 1 0 0 0 0 0 0 0 0 0.288410399
83 4168 48 1 0 0 0 0 0 0 0 0 0 0 0 0 0 0 0 0 0 1 1 0.300511728
84 12616 620 0 1 1 0 0 1 1 0 0 0 1 0 1 1 0 0 0 0 0 0 0.295761047
85 23656 2087 1 1 0 1 1 1 1 1 0 1 1 1 0 1 1 1 1 1 1 1 0.299854325
86 21301 1672 0 0 1 1 0 1 1 1 1 1 0 0 1 1 1 1 1 0 0 1 0.296919279
87 8249 216 1 0 0 0 1 0 0 1 0 0 0 0 0 0 1 0 0 1 0 0 0.304112402
88 26574 2233 0 1 1 1 1 1 1 1 1 1 1 1 1 1 0 1 1 1 0 1 0.306246776
89 13537 432 1 1 0 0 1 0 0 0 0 0 0 1 1 0 0 0 1 1 0 1 0.306990533
90 18386 2019 1 1 1 1 1 1 1 1 1 1 1 1 1 1 1 1 1 0 1 1 0.294463998
91 22733 1625 0 1 1 1 0 1 0 0 1 1 1 1 1 0 1 0 1 1 1 0 0.300023857
92 16487 771 1 0 1 0 1 1 0 1 0 0 0 0 0 0 1 1 0 0 1 1 0.307833816
93 5152 183 0 0 0 0 1 0 0 0 0 0 1 0 0 1 1 0 0 0 0 0 0.277971563
94 12639 418 0 0 0 0 0 1 0 1 0 1 1 1 0 1 0 0 0 0 0 1 0.282315078
95 20594 2441 1 1 1 1 1 1 1 1 1 1 1 1 1 1 1 1 1 1 0 1 0.296340189
96 18731 1005 0 0 0 0 0 1 0 1 0 1 0 0 1 1 1 0 1 1 1 1 0.309530319
97 26395 1979 1 1 1 1 1 1 1 1 1 1 0 1 1 1 1 1 1 1 0 0 0.298225679
98 26430 1303 1 0 1 0 1 1 1 1 1 1 0 1 1 1 1 0 0 1 1 1 0.298298438
99 25088 1628 0 1 1 1 1 1 1 0 1 1 1 1 1 1 0 1 1 0 1 0 0.304454169
100 11403 396 0 1 1 0 1 0 1 0 1 0 1 0 0 0 0 1 0 0 0 0 0.295358333
101 12894 391 0 0 1 1 0 0 0 0 0 0 1 0 1 1 0 1 1 0 0 0 0.295571123
102 14326 662 0 1 0 1 0 0 1 0 0 0 1 0 0 1 1 1 1 0 1 0 0.288810006
103 23188 2023 1 1 1 1 1 1 1 1 1 0 1 1 1 1 1 1 1 1 1 1 0.303734173
104 22176 1977 1 1 1 1 1 1 1 1 1 1 1 1 1 1 1 1 0 1 1 1 0.286894194
105 19929 968 0 1 0 1 1 0 1 1 1 0 1 1 0 0 1 1 1 0 1 0 0.30300077
106 18528 1567 0 0 0 1 1 1 1 1 0 1 1 1 1 1 1 0 1 1 1 1 0.29898742
107 7047 143 0 0 1 1 0 0 0 1 1 0 0 0 0 0 0 0 0 0 0 0 0.306049073
108 25899 1412 1 0 0 1 1 1 0 1 1 1 0 0 0 1 1 1 1 1 1 1 0.288019795
109 12400 491 1 1 1 1 0 1 1 0 1 0 0 0 0 1 0 1 0 0 1 0 0.302985388
110 25420 1843 1 1 0 0 1 1 1 0 1 1 0 1 1 1 1 1 1 1 1 0 0.293529955
111 8172 357 0 0 0 0 1 0 1 0 0 0 0 0 1 0 1 0 0 0 0 1 0.282612999
112 7900 249 1 0 0 0 0 0 0 0 1 0 0 1 0 1 0 0 1 0 0 1 0.296078019
113 17301 1150 0 1 1 1 1 1 1 0 1 0 0 1 0 0 0 1 0 1 1 0 0.293282535
114 14603 907 0 0 0 0 0 1 1 0 1 0 0 1 1 0 0 0 0 1 1 1 0.284592078
115 19343 912 0 1 1 1 1 0 1 1 1 0 1 0 0 0 1 1 0 1 0 1 0.295685971
116 24546 2373 1 0 0 1 1 1 1 1 1 1 1 1 1 1 1 1 1 1 1 1 0.27909947
117 7323 355 0 0 1 0 1 1 0 0 0 1 0 0 1 1 1 0 0 0 0 0 0.281658128
118 5594 69 0 0 0 0 0 0 1 0 0 1 0 0 0 0 0 1 0 0 0 0 0.276284415
119 3493 68 0 0 0 0 1 0 0 0 0 1 0 0 0 0 0 0 0 0 0 0 0.310331836
120 25569 2137 1 1 0 1 1 1 1 1 1 1 1 1 1 1 1 1 1 1 1 1 0.299438562
121 10705 258 0 0 1 0 1 0 1 0 0 0 0 0 0 0 1 0 0 1 1 0 0.288164147
122 24974 1535 0 1 0 0 1 1 1 1 1 1 0 1 1 0 0 1 1 1 1 0 0.300775518
123 22479 1448 1 1 0 0 1 1 1 0 1 0 1 1 1 0 0 1 0 1 1 1 0.283101858
124 12423 727 1 1 0 1 0 0 0 0 0 0 1 0 0 0 1 1 0 0 0 1 0.303980652
125 13051 632 1 0 1 0 1 1 1 1 0 0 0 0 0 1 1 0 0 0 1 0 0.291785766
126 23503 1831 1 0 1 1 1 0 1 1 1 0 1 1 1 0 1 1 1 1 1 1 0.29097602
127 22037 1566 0 1 1 1 0 1 0 1 1 1 1 1 1 0 1 1 1 0 1 1 0.308142577
128 16729 966 1 0 1 1 1 0 0 0 1 1 0 0 0 1 1 0 1 0 0 1 0.298145275
129 21529 1631 0 0 1 0 1 1 1 1 1 0 1 1 1 1 1 1 1 1 1 1 0.279875414
130 14486 333 0 1 0 0 0 0 0 0 0 0 1 0 1 0 1 1 1 1 0 1 0.321103975
131 26050 1555 1 0 1 1 0 1 1 0 1 1 1 1 0 1 1 1 1 1 1 1 0.27048352
132 13386 500 1 1 0 0 1 1 0 1 1 0 0 0 1 0 0 1 0 0 0 0 0.305663477
133 24554 2521 1 1 1 1 1 1 1 1 1 1 1 0 1 1 1 1 1 1 1 1 0.293764944
134 18640 1247 0 1 0 1 0 0 1 1 1 0 1 1 1 0 1 0 1 0 0 1 0.30563506
135 17035 2301 1 1 1 1 1 1 1 0 1 1 1 1 0 1 1 1 1 1 1 1 0.287961146
136 13811 868 0 0 1 1 1 1 0 1 1 0 0 1 1 0 0 1 0 1 1 0 0.289573199
137 24197 1626 1 0 0 0 1 1 1 1 1 1 0 1 0 1 1 1 1 0 1 1 0.303170385
138 22671 2102 1 1 0 1 1 1 1 1 1 1 1 1 1 1 0 1 1 1 1 1 0.292770378
139 23369 1919 1 1 1 1 1 1 1 1 1 0 1 1 1 1 1 1 1 1 1 0 0.290160427
140 10706 379 0 0 0 0 0 1 1 1 0 0 0 1 1 0 1 1 0 0 0 0 0.291185279
141 4784 205 0 1 0 0 0 0 0 0 0 0 0 0 1 1 0 0 0 0 0 0 0.29724566
142 11333 468 0 0 1 0 0 0 1 0 1 0 1 0 0 0 0 1 0 1 0 0 0.290719338
143 25671 2429 1 1 1 1 1 1 1 1 1 1 1 1 0 1 1 1 1 1 1 0 0.287688685
144 9458 375 0 0 0 0 1 0 0 0 1 0 1 0 1 0 0 0 0 0 1 1 0.289553528
145 23048 2162 0 1 1 1 1 1 0 1 1 1 1 1 0 1 1 1 1 1 1 0 0.296634401
146 18679 1153 1 0 1 0 1 1 0 1 1 1 1 0 0 1 1 0 0 0 1 1 0.291156731
147 7412 126 0 1 0 0 0 1 0 0 0 0 1 0 0 1 0 0 0 0 0 0 0.305911797
148 18742 1615 1 1 1 1 1 1 1 1 1 0 1 0 1 1 0 1 1 1 1 1 0.292465528
149 24947 2213 1 1 1 1 1 0 1 0 1 1 1 1 1 1 1 1 1 1 0 1 0.293050791
150 20184 925 1 1 1 0 0 0 1 0 1 1 0 1 0 0 1 1 1 1 0 1 0.2964001
151 22638 1756 1 1 0 1 1 1 1 1 1 0 1 1 1 0 1 1 0 1 0 1 0.301592233
152 3931 42 0 0 1 0 0 0 1 0 0 0 0 0 0 0 0 0 0 1 0 0 0.308217727
153 8374 275 0 0 1 1 0 0 1 0 0 1 0 0 1 0 0 0 0 0 0 1 0.290812152
154 24742 1943 1 1 1 1 1 1 0 1 0 1 1 1 0 1 1 1 1 1 1 0 0.301905136
155 17636 1405 0 1 1 0 1 1 1 1 0 0 1 1 0 0 0 1 1 0 1 1 0.310914182
156 8346 215 0 0 1 1 0 0 0 0 0 0 1 1 0 0 1 0 0 0 0 1 0.306884347
157 19955 2483 1 1 0 1 1 1 1 1 1 1 1 1 1 1 1 1 1 1 1 1 0.302533914
158 15751 889 0 0 1 0 0 0 0 1 0 0 0 0 1 1 1 1 1 1 1 0 0.29956979
159 26737 2090 0 1 1 1 1 1 1 1 0 1 1 1 1 1 1 1 1 1 1 1 0.297611211
160 24950 1234 1 1 1 1 0 1 1 1 1 1 1 1 1 1 1 0 0 0 0 0 0.273925327
161 9697 393 1 0 1 0 1 0 1 0 0 0 0 0 0 0 0 0 1 0 0 0 0.317207685
162 26722 2121 1 1 1 0 1 1 1 0 1 1 1 1 1 0 1 1 1 0 1 1 0.307406674
163 27575 1501 1 1 1 1 1 0 0 1 1 0 1 1 1 1 0 1 1 1 1 0 0.298568227
164 7332 261 0 0 0 1 0 1 0 0 0 1 0 0 1 1 0 1 0 0 0 0 0.30644667
165 9893 246 0 0 1 0 0 0 0 0 1 1 1 0 1 0 0 0 0 1 1 0 0.309161953
166 17769 877 0 0 1 0 0 1 0 1 0 1 0 0 1 1 1 0 1 0 1 0 0.291008118
167 13261 1038 0 1 0 0 1 0 1 0 0 1 1 1 1 0 0 0 0 0 1 1 0.296188191
168 24594 2037 1 1 0 1 1 1 1 0 1 1 0 1 1 1 1 1 1 0 1 1 0.311938766
169 8908 201 0 0 1 0 0 0 1 0 1 0 0 0 0 1 1 0 0 0 0 0 0.291923844
170 18571 823 0 1 1 0 1 1 1 1 0 1 0 1 0 1 1 0 0 0 1 0 0.289850483
171 30509 1930 1 1 0 1 1 1 1 1 1 1 1 1 1 1 1 1 1 1 1 1 0.313017635
172 19832 1473 1 1 1 1 1 1 1 1 1 1 1 1 1 1 0 0 1 1 1 0 0.309806034
173 19608 2677 1 1 1 1 1 1 1 1 1 1 1 1 1 0 1 1 1 1 1 1 0.302315828
174 14176 1006 1 0 0 0 1 0 0 0 1 0 1 1 1 0 0 0 1 0 1 1 0.281477135
175 21034 1417 1 1 1 1 1 1 1 1 0 1 1 1 1 1 1 1 0 1 0 1 0.286648204
176 18385 672 1 0 1 1 0 0 0 0 0 1 1 1 1 0 0 1 1 1 1 1 0.28492619
177 11157 244 0 0 0 0 1 0 0 1 1 0 1 0 0 0 0 0 0 1 0 0 0.299578341
178 1914 28 0 0 0 0 0 0 0 0 0 0 0 0 0 0 0 1 0 0 0 0 0.294116942
179 14152 569 0 1 1 1 0 0 0 0 1 0 0 0 0 1 0 1 0 0 1 0 0.29822812
180 5807 223 0 0 0 0 1 0 1 0 0 0 1 0 0 0 0 0 0 0 0 0 0.293032971
181 12553 682 1 0 0 0 0 1 1 1 1 0 1 1 0 0 1 0 0 0 0 1 0.298888421
182 22347 1426 0 1 1 1 1 1 0 1 1 1 0 1 1 1 1 1 0 0 1 1 0.289663849
183 10005 443 0 1 0 0 1 1 1 1 0 0 0 1 1 0 0 0 0 0 0 0 0.301385015
184 22078 2310 1 1 1 1 1 1 1 1 1 0 1 1 1 1 1 1 1 1 0 1 0.286669424
185 18496 1443 1 1 1 0 1 1 1 0 1 0 1 1 1 0 0 1 1 1 0 1 0.301595043
186 31330 1073 1 1 1 1 1 1 1 1 0 1 1 1 1 1 1 1 1 0 0 1 0.376028274
187 14787 545 1 0 0 1 1 0 0 0 0 1 0 0 1 1 0 0 0 0 1 1 0.309679832
188 20431 1215 1 0 1 1 0 0 1 1 1 1 0 1 0 0 0 1 1 0 1 1 0.307827254
189 18910 2298 0 1 1 1 1 1 1 1 1 1 1 1 1 1 1 1 1 1 0 1 0.279847544
190 18041 987 0 1 1 0 1 0 1 0 1 0 1 1 0 1 1 1 0 0 0 1 0.321267897
191 5950 137 0 0 0 0 0 0 1 1 0 0 1 0 0 0 1 0 0 0 0 0 0.288738039
192 24612 1376 1 1 1 1 1 1 1 1 1 1 1 0 1 1 0 0 1 0 1 1 0.297586747
193 17346 1166 0 1 0 1 0 1 0 1 1 0 1 0 0 1 0 1 0 1 1 0 0.300278917
194 18578 1071 1 0 0 1 1 1 0 1 1 1 1 1 1 0 0 1 1 0 0 0 0.305629185
195 17600 1286 0 1 0 1 0 1 1 1 1 1 1 0 1 1 1 0 0 0 0 1 0.284044661
196 20230 2337 1 1 1 1 1 1 1 1 1 1 1 1 1 1 0 1 1 1 1 1 0.283614223
197 23841 2026 0 1 1 1 1 1 0 1 1 1 1 0 1 1 1 1 1 1 1 1 0.294106044
198 16059 862 0 0 0 1 1 1 1 1 0 1 1 0 0 1 0 1 1 0 0 0 0.295718366
199 17333 1075 0 0 1 1 1 0 1 0 1 1 0 0 1 1 0 0 1 0 0 1 0.288067634
200 14503 811 0 1 0 0 0 1 1 0 0 0 1 0 1 1 1 1 1 1 0 0 0.30388066
201 17156 1178 0 1 0 1 0 0 0 1 1 1 1 0 1 1 0 1 1 1 0 1 0.304391079
202 7602 348 0 0 0 0 1 1 0 0 0 1 0 1 0 0 0 0 0 0 1 0 0.294516202
203 10510 390 1 0 1 0 0 1 0 0 0 1 1 1 0 0 0 0 1 0 1 0 0.289528704
204 5646 77 0 0 0 0 0 0 1 0 0 0 0 0 0 0 0 1 1 0 0 0 0.286526556
205 9157 222 0 0 1 1 0 1 0 0 0 0 1 0 0 1 0 0 0 0 0 1 0.286608208
206 24781 2134 1 1 1 1 1 1 1 1 1 1 1 1 1 0 1 1 1 1 1 1 0.302990093
207 24445 2874 1 1 1 1 1 1 1 1 1 1 1 1 1 1 1 1 1 1 1 0 0.287321679
208 15440 351 1 1 0 1 0 0 1 0 1 0 0 1 0 1 0 1 1 1 0 0 0.297515198
209 21621 2082 0 1 1 1 1 1 0 1 1 1 0 1 0 1 1 1 1 1 0 1 0.298459137
210 23026 1662 1 1 0 0 1 1 1 1 1 0 1 1 1 1 1 1 1 1 0 1 0.30001806
211 19365 1417 1 1 1 1 1 0 0 0 0 0 1 0 1 1 1 1 1 0 1 0 0.297345529
212 24074 1544 1 1 1 1 1 1 1 1 1 0 1 0 0 1 1 1 0 1 0 1 0.295217503
213 27628 2233 1 1 1 1 1 1 1 1 1 1 1 1 1 1 1 0 1 1 1 1 0.308084681
214 19258 1264 1 1 1 0 0 1 1 1 1 0 0 0 0 1 1 0 1 1 0 1 0.282448444
215 23934 1184 1 1 1 0 0 1 0 1 1 1 1 0 1 1 1 1 1 1 1 1 0.282144926
216 20126 751 1 1 0 1 1 1 1 0 1 0 0 1 1 0 0 1 1 0 1 1 0.301463788
217 23263 1184 0 1 0 1 1 1 0 0 1 0 1 1 1 1 1 0 1 1 1 1 0.300123743
218 10821 517 1 1 1 1 0 1 0 0 0 0 0 1 0 0 0 0 0 0 0 1 0.297501403
219 16384 1050 1 1 1 1 0 1 1 1 0 1 0 0 1 0 1 1 0 0 1 0 0.303377492
220 28199 1916 1 1 1 1 1 1 1 1 1 1 1 1 0 1 0 0 1 1 0 1 0.289576311
221 10482 232 0 0 0 0 0 1 0 0 0 0 1 0 0 0 1 1 0 1 0 0 0.286709248
222 26199 2265 1 1 1 1 1 1 1 0 0 1 1 1 1 1 1 1 1 1 1 1 0.293560659
223 19207 583 1 0 0 1 1 1 0 1 0 0 0 1 1 1 0 0 0 1 0 1 0.285936707
224 13684 1066 1 0 0 0 1 0 1 1 0 1 0 0 0 1 0 1 0 0 1 0 0.292512179
225 26875 1658 1 1 1 1 1 1 1 1 1 1 1 0 0 1 0 1 1 0 1 1 0.276696949
226 9324 370 1 0 0 1 0 0 0 0 1 1 1 0 0 1 0 0 1 0 0 0 0.278341618
227 6596 298 0 0 1 0 0 0 0 0 0 0 1 1 0 0 0 0 1 0 0 1 0.285470009
228 24750 1287 1 0 1 1 1 1 1 1 1 1 0 1 1 1 0 1 1 1 0 1 0.297682938
229 16183 1243 1 1 1 1 0 0 0 1 1 0 1 0 1 1 0 0 0 1 1 1 0.295685298
230 24368 1728 0 0 1 1 1 1 1 1 1 0 1 1 0 1 1 1 1 1 1 1 0.309815127
231 13428 392 0 1 1 0 0 0 1 0 1 0 0 1 0 0 0 1 1 1 0 0 0.311178376
232 28544 2181 1 1 1 1 1 1 1 1 1 1 1 1 1 1 1 0 1 1 1 1 0.284213418
233 21952 1688 1 1 1 1 1 1 1 1 0 0 1 1 0 1 1 1 1 1 1 0 0.281112602
234 21974 1740 0 1 0 1 1 0 1 1 1 1 1 1 1 0 1 1 0 1 0 1 0.309947133
235 8945 312 0 0 0 0 0 1 0 0 0 1 1 1 0 0 0 0 0 1 0 0 0.303149006
236 22164 2046 1 1 1 1 1 1 1 1 1 0 0 1 0 0 1 1 1 1 1 1 0.29050791
237 21426 2045 0 1 1 1 1 1 1 0 1 1 1 1 1 1 1 1 1 1 1 0 0.286595126
238 20635 1669 1 1 1 1 0 0 1 0 1 1 1 1 1 0 1 1 1 0 1 0 0.301109919
239 20138 1412 1 0 1 0 1 1 1 1 1 1 0 1 1 0 1 0 1 1 0 0 0.297903952
240 25520 2254 1 1 1 1 1 1 1 0 1 1 1 1 1 1 1 1 1 1 1 1 0.300824646
241 11406 992 0 0 1 0 1 1 1 0 1 0 0 0 0 0 0 0 0 1 0 1 0.291671077
242 602 4 0 0 0 0 0 1 0 0 0 0 0 0 0 0 0 0 0 0 0 0 0.293751538
243 17095 957 0 1 0 1 1 0 1 1 0 0 1 0 1 1 0 1 0 1 1 1 0.294197238
244 18042 750 1 1 1 1 1 1 0 1 1 0 0 1 1 0 0 0 1 0 1 0 0.294869336
245 21473 1155 0 1 1 1 1 0 0 1 1 1 0 1 0 1 1 0 1 1 0 1 0.284160272
246 22918 1275 1 1 1 1 1 1 1 0 1 0 0 1 0 0 1 0 1 0 1 1 0.290663643
247 25147 2702 1 1 1 0 1 1 1 1 1 1 1 0 1 1 0 1 1 1 1 1 0.290939738
248 24975 2808 1 1 1 1 1 1 1 0 1 1 1 1 1 1 1 1 1 1 1 1 0.295215762
249 13610 338 1 0 1 1 1 1 1 0 0 1 0 0 0 0 0 0 1 0 0 0 0.295852789
250 17124 579 0 1 1 1 0 0 0 1 1 1 1 0 0 1 0 1 0 0 0 1 0.297500384
251 19278 630 0 1 1 0 1 0 1 1 0 1 1 1 0 1 1 0 1 0 0 1 0.301397099
252 14494 599 1 1 0 0 0 0 0 0 1 1 1 0 1 0 1 0 0 1 1 0 0.300336346
253 26409 2017 1 1 1 1 1 1 1 1 0 1 1 0 1 1 1 1 1 1 1 1 0.291001468
254 11552 487 0 0 0 0 0 1 0 0 0 1 1 1 0 0 0 0 1 0 0 1 0.294049644
255 17681 928 0 1 0 0 1 1 1 1 1 0 1 0 0 1 0 0 1 0 1 1 0.28865985
256 13652 967 1 1 0 1 0 0 0 0 1 1 0 0 1 1 0 0 0 1 0 0 0.281844644
257 20737 2291 1 0 1 1 1 1 1 1 1 1 0 1 1 1 1 1 1 1 1 1 0.299756606
258 11561 662 0 1 0 1 1 1 0 0 1 1 0 1 1 1 0 1 0 1 0 0 0.299984708
259 22087 1141 1 1 1 1 1 0 1 1 0 0 1 1 1 1 1 1 1 0 1 1 0.281477975
260 20066 1429 0 0 1 1 1 1 1 0 1 0 0 1 1 0 1 1 1 1 0 1 0.293165641
261 7483 341 1 0 0 0 1 0 0 0 0 1 0 0 0 0 0 1 1 0 1 0 0.274371115
262 6560 164 0 0 1 0 0 1 0 0 1 0 0 0 0 0 0 1 0 0 1 0 0.286137132
263 14012 372 0 0 0 0 0 1 0 0 1 0 0 1 0 1 0 0 1 0 1 1 0.298401452
264 18589 1970 1 1 1 1 1 1 1 1 1 1 1 1 1 1 1 1 1 1 0 1 0.302436847
265 11547 510 1 1 0 0 0 0 0 1 1 0 0 0 0 0 0 1 0 1 0 1 0.289585778
266 11792 428 1 1 0 1 1 1 0 0 0 0 1 0 0 0 0 0 0 0 0 0 0.286405068
267 25602 1834 1 1 1 1 1 1 1 1 1 1 0 1 1 1 1 1 1 1 1 1 0.293321911
268 10702 763 0 0 0 1 0 1 0 0 0 0 1 0 0 0 1 0 0 0 1 0 0.288425426
269 20443 1664 1 0 1 1 1 1 1 1 1 1 1 1 0 1 1 0 1 0 1 1 0.29125634
270 22250 1866 0 1 1 1 1 1 1 0 1 1 1 1 1 0 0 0 1 1 0 1 0.289731707
271 15737 636 1 1 0 1 0 0 1 0 1 0 0 0 0 0 1 1 1 1 0 0 0.28559655
272 21704 1445 0 0 1 1 1 1 1 1 1 0 1 1 1 1 0 0 0 0 1 0 0.292975957
273 1806 10 0 0 0 0 0 0 0 0 0 0 0 0 0 0 0 0 0 0 1 0 0.300702038
274 25057 2597 1 1 1 1 1 1 1 1 1 1 1 1 1 1 1 1 1 1 1 0 0.307174627
275 26743 1734 1 0 1 1 1 1 1 1 1 1 0 1 0 1 1 1 1 0 1 1 0.290592179
276 19147 1000 1 0 1 1 1 0 0 0 1 0 1 1 1 1 1 0 1 0 1 0 0.297274182
277 26395 2393 0 1 1 1 1 0 1 1 1 1 1 1 1 1 1 1 1 1 1 1 0.288489795
278 23796 1731 1 1 1 1 1 1 1 1 1 0 1 1 1 1 1 1 1 1 1 1 0.301170095
279 28066 1941 1 1 1 1 1 1 1 1 0 0 1 1 1 1 1 1 1 1 1 1 0.291941765
280 25753 2030 1 1 1 1 1 1 1 1 1 1 1 0 1 1 1 1 1 1 1 1 0.295107113
281 20490 1567 1 1 0 1 1 1 0 1 1 0 1 1 1 0 1 1 1 0 1 1 0.298225047
282 12018 543 0 0 1 0 0 1 0 1 1 1 0 0 0 0 0 1 0 1 0 1 0.301544233
283 19370 1732 1 1 0 1 0 1 1 0 1 1 1 1 1 1 0 0 1 1 0 1 0.291058537
284 17617 815 0 1 1 0 0 1 0 1 0 1 1 0 1 1 1 1 1 1 0 0 0.361527381
285 28078 1639 1 1 1 1 1 1 0 1 1 1 1 1 1 1 0 1 0 0 1 1 0.290262165
286 21006 644 0 1 0 1 1 1 1 0 1 1 1 0 1 0 1 1 0 0 1 1 0.307953139
287 25238 1173 1 1 0 0 0 0 1 1 1 1 0 0 1 1 1 1 1 1 1 1 0.283644269
288 9282 391 0 0 1 0 0 1 0 0 0 0 0 1 0 1 1 0 0 1 1 0 0.295292574
289 17047 919 1 1 0 0 1 0 1 1 1 0 0 0 1 0 0 1 1 0 1 0 0.299623347
290 26696 1825 1 0 1 1 1 1 1 1 1 1 1 1 0 1 0 0 1 1 0 1 0.29959918
291 20591 2156 1 1 1 1 1 1 1 0 1 0 1 0 1 1 1 1 1 1 1 1 0.292363643
292 13462 531 0 0 1 1 1 1 1 1 0 0 1 0 1 1 0 0 1 1 0 0 0.290834897
293 26552 2392 1 1 1 1 1 1 1 1 0 0 1 1 1 1 1 1 1 1 1 1 0.2847983
294 19081 845 0 0 1 0 1 0 1 1 1 1 0 0 0 1 1 1 1 0 1 0 0.301949344
295 25145 2002 1 1 1 0 1 0 1 1 1 1 1 0 1 1 1 1 1 1 0 1 0.287685125
296 13238 621 0 0 0 0 1 0 1 0 1 0 1 1 0 0 0 1 1 0 0 0 0.28843762
297 24651 1746 1 1 1 1 0 1 1 1 1 1 1 0 1 1 0 1 1 1 1 1 0.278761679
298 24180 1041 0 1 1 1 1 1 1 1 0 1 0 1 1 1 0 0 1 0 0 1 0.29436334
299 23795 2464 1 1 1 1 1 1 1 1 1 1 1 0 1 1 1 1 1 1 1 1 0.287242871
300 21084 1417 1 1 0 0 1 1 1 0 1 1 1 1 1 0 1 1 1 1 0 1 0.280589215
301 25085 1100 0 0 1 1 1 1 1 1 1 1 1 1 1 0 1 1 1 1 1 1 0.294970731
302 21977 1149 1 1 1 1 0 1 0 1 1 1 0 0 1 1 1 1 0 0 0 1 0.289345848
303 24277 1921 1 1 1 1 1 1 1 1 1 1 1 1 0 0 1 1 1 1 1 1 0.299421274
304 13390 513 1 1 1 0 0 0 0 1 1 0 0 0 0 0 1 0 0 0 1 0 0.296503959
305 23668 1400 1 1 1 1 0 1 0 1 1 1 1 1 0 1 1 1 1 0 0 1 0.296862611
306 22705 1874 1 1 1 1 0 0 0 1 0 1 0 1 0 1 1 1 0 1 1 1 0.28383668
307 23013 2390 1 1 1 1 1 1 1 0 1 1 1 1 1 1 1 1 1 1 1 1 0.286420216
308 16978 1158 0 0 1 1 0 1 0 1 1 1 1 1 0 0 1 0 0 0 0 1 0.299782215
309 16001 1049 0 0 0 0 1 0 1 1 1 1 0 0 0 1 1 0 1 1 1 1 0.296068048
310 25823 1832 1 1 1 1 1 1 1 1 1 1 1 1 1 1 1 1 1 0 1 1 0.28776585
311 16580 1710 1 0 0 1 0 0 1 0 1 1 1 1 1 1 0 1 1 0 0 1 0.286287442
312 16784 922 0 0 1 0 0 1 1 1 1 1 0 0 0 0 0 1 1 0 0 1 0.289408984
313 17175 1176 1 1 1 1 1 1 0 1 1 0 1 1 0 0 1 1 1 0 0 0 0.30595085
314 9079 409 0 0 1 0 0 0 0 0 0 0 0 0 0 0 0 1 0 1 1 1 0.300300262
315 24830 2181 1 1 1 1 1 0 1 1 1 1 1 1 1 0 1 1 1 1 1 1 0.299148135
316 5679 132 0 0 0 0 0 1 1 0 0 0 0 1 1 0 0 0 0 0 0 0 0.282939071
317 1513 51 0 0 0 0 0 0 1 0 0 0 0 0 0 0 0 0 0 0 0 0 0.300745679
318 21659 1939 1 0 1 1 1 1 1 1 1 1 0 1 1 0 0 1 1 0 1 1 0.318826791
319 20442 2220 0 0 1 1 1 1 1 1 1 1 1 1 1 1 1 1 0 1 1 1 0.301987916
320 13822 960 1 0 1 0 0 1 1 0 0 0 0 1 0 1 1 0 0 1 0 1 0.289985602
321 24125 1858 1 1 1 1 1 1 1 0 1 1 1 1 1 1 1 0 1 1 1 1 0.295364212
322 8416 296 0 0 0 0 1 0 0 0 1 1 0 0 0 0 0 0 0 1 0 1 0.288114457
323 25381 1497 1 1 1 1 1 1 1 0 1 1 1 1 0 1 0 1 0 1 1 1 0.298500199
324 19917 999 0 0 1 1 0 0 1 1 0 0 1 1 1 0 1 0 0 1 1 1 0.309420586
325 19065 2197 1 0 1 1 1 1 1 1 0 0 1 1 1 1 1 0 1 1 0 1 0.292309488
326 25967 2437 1 1 1 1 1 1 1 1 1 1 1 1 1 1 1 1 0 1 1 1 0.291277653
327 25740 1620 1 0 1 1 1 1 1 1 1 1 1 1 1 0 1 1 0 1 1 1 0.292802977
328 22507 2461 1 1 1 1 0 1 1 1 1 1 1 1 1 1 1 1 1 1 1 1 0.300267435
329 17514 1640 0 1 1 0 1 1 1 1 1 0 1 0 1 1 1 1 1 1 0 0 0.295728513
330 19925 1406 0 1 0 1 1 0 1 1 0 1 1 0 0 1 1 0 1 1 1 1 0.296074696
331 21227 1948 1 1 1 0 1 1 1 1 0 1 0 1 1 1 1 1 1 1 1 1 0.287575396
332 20591 2285 1 0 1 1 1 1 1 1 1 1 1 1 1 1 1 1 1 1 1 1 0.303209709
333 3796 59 0 1 0 0 0 0 0 0 0 0 0 0 1 0 0 0 0 0 0 1 0.286401603
334 25903 2557 1 1 1 1 1 1 1 1 1 1 1 1 1 0 1 1 1 1 1 1 0.292947203
335 16380 744 1 0 1 1 0 0 1 0 0 1 1 0 0 1 0 0 1 1 0 0 0.279026324
336 10068 381 0 0 1 1 0 1 1 0 0 1 0 0 0 1 0 0 0 0 0 0 0.294852118
337 20678 1357 0 0 1 0 0 1 0 1 1 1 1 1 1 1 0 1 1 1 1 0 0.284610249
338 13432 885 0 1 0 1 1 1 0 0 0 1 1 1 0 0 0 1 1 0 1 0 0.306775016
339 21165 1290 0 1 1 0 1 0 1 1 0 0 1 1 1 0 1 1 0 1 1 0 0.303290742
340 25798 2097 1 1 1 1 1 0 1 1 1 0 1 1 1 0 1 0 1 1 1 1 0.30752462
341 24971 1799 0 1 0 1 1 1 1 1 1 0 1 0 0 1 1 1 1 1 0 1 0.290308245
342 11291 500 0 1 1 0 1 0 0 0 1 0 0 0 1 1 0 1 1 0 0 0 0.285283981
343 27066 2100 1 1 0 1 1 1 1 1 1 1 0 1 1 1 0 1 1 1 1 1 0.29736462
344 11174 477 1 0 1 1 0 0 0 0 1 0 1 0 0 0 1 0 1 0 0 0 0.298914643
345 18361 2034 1 1 1 1 0 1 1 1 0 1 0 1 1 1 1 1 1 1 0 1 0.282859291
346 11955 1005 0 0 0 1 0 1 0 0 0 1 1 1 0 0 0 0 0 1 1 0 0.301316322
347 18177 2147 1 1 0 1 1 1 1 1 1 1 1 1 1 1 1 0 1 0 0 1 0.289556277
348 20514 1647 1 0 0 0 1 1 1 0 0 1 1 1 1 1 1 0 1 0 1 0 0.288933239
349 22592 1508 1 1 1 0 0 1 1 1 1 1 0 1 1 1 1 1 1 1 0 0 0.290301446
350 16000 821 0 1 1 1 1 0 0 1 1 1 0 1 0 0 1 1 1 0 0 0 0.295685464
351 2409 30 0 0 1 0 0 0 0 0 0 0 0 0 0 0 0 0 0 0 0 0 0.299714135
352 12855 759 0 0 1 1 0 1 1 0 0 1 0 0 1 0 0 1 1 0 1 0 0.297360521
353 20833 1372 1 1 1 1 1 1 1 1 1 1 0 0 1 1 1 1 0 0 0 1 0.298830073
354 24338 1862 1 0 1 1 1 1 1 1 1 1 1 1 1 1 1 0 1 1 1 0 0.296750783
355 13867 558 1 0 1 0 0 0 0 1 0 0 1 0 1 0 0 1 0 0 1 0 0.297829727
356 18985 1073 0 1 0 1 0 1 0 1 1 1 0 1 1 0 0 1 1 1 0 0 0.295001799
357 24072 2143 1 1 1 1 1 0 0 0 1 1 1 1 1 1 1 1 1 1 1 1 0.31643371
358 13520 333 0 0 0 1 1 0 1 1 1 0 0 0 0 1 0 0 0 1 0 1 0.29671078
359 27711 1438 1 1 1 0 1 1 1 1 1 0 1 0 1 1 1 1 1 0 1 1 0.289059963
360 22181 2091 1 0 1 1 1 1 1 0 1 1 1 1 1 1 1 1 1 1 0 1 0.296498793
361 20933 2120 1 1 1 1 1 1 0 1 0 1 1 1 1 1 1 1 1 1 0 1 0.285887655
362 23255 1793 1 1 1 1 1 0 1 1 1 0 1 1 1 1 0 1 1 1 0 0 0.291067544
363 26778 1526 0 1 1 1 0 0 1 0 1 0 1 1 1 1 1 1 0 1 1 1 0.303034871
364 18030 1708 1 1 1 1 1 1 1 0 1 0 1 1 0 0 1 0 1 1 0 0 0.291726548
365 14156 678 0 0 1 0 1 0 1 1 0 1 0 0 0 1 0 0 0 0 1 1 0.299493321
366 24983 1827 1 1 1 1 1 1 1 1 1 1 0 1 1 0 1 1 1 0 1 0 0.287390393
367 20766 1201 0 0 1 1 1 1 1 1 1 0 0 1 1 1 1 0 1 1 1 1 0.287886418
368 21301 2215 1 1 1 1 1 1 1 1 1 1 1 1 1 0 0 1 0 1 0 1 0.2881453
369 23858 1986 1 1 1 1 1 1 0 0 1 1 1 0 1 1 1 0 1 1 1 1 0.289385928
370 3230 69 0 1 1 0 0 0 0 0 0 0 0 0 0 0 0 0 0 0 0 0 0.298032124
371 21477 1166 1 1 1 1 0 1 1 1 0 1 1 1 0 1 0 0 0 1 0 1 0.296626631
372 11289 388 0 0 0 0 0 1 1 1 0 0 0 0 0 1 0 1 0 1 0 0 0.296713065
373 17079 690 1 0 1 0 1 1 0 0 1 0 1 0 0 0 1 0 1 0 1 0 0.300998644
374 22014 1040 0 0 1 0 1 1 1 1 0 1 1 1 1 1 0 0 1 1 1 1 0.295739341
375 23237 1677 1 1 1 1 1 0 1 0 1 1 1 0 1 1 1 1 1 1 1 0 0.286172764
376 21375 1370 1 0 0 1 0 1 1 1 1 1 0 0 1 1 1 1 1 0 1 0 0.296953739
377 29029 2300 1 1 0 1 1 1 1 1 1 1 1 1 1 1 1 1 1 1 1 1 0.291640774
378 8495 380 1 0 0 0 0 0 0 0 0 0 0 1 1 1 0 0 0 0 1 0 0.293731735
379 20914 2182 1 1 0 1 1 0 1 1 1 1 1 1 1 1 1 1 1 0 1 0 0.291028738
380 5535 215 0 0 0 0 1 0 0 1 0 0 0 0 0 0 0 0 0 0 1 0 0.287524616
381 16863 985 0 0 1 0 1 1 0 0 1 1 1 0 0 0 0 0 1 1 1 1 0.285122928
382 24566 1625 1 0 1 1 1 1 0 1 1 1 0 1 1 0 1 1 1 1 1 1 0.297791951
383 9746 526 1 1 0 1 1 1 0 0 0 0 1 1 0 0 0 0 0 0 0 0 0.294755887
384 22664 2117 1 1 1 0 1 1 1 1 1 1 1 1 1 1 1 1 1 1 1 1 0.294454168
385 23081 2222 1 1 1 1 1 1 0 0 1 1 1 1 1 1 1 1 1 1 0 1 0.2946344
386 2206 74 0 0 0 0 0 0 0 0 0 0 0 0 0 0 0 0 1 0 0 0 0.296295308
387 26815 2483 1 1 1 1 1 1 1 0 1 0 1 1 1 1 1 1 1 1 1 1 0.282620024
388 18791 937 0 0 1 1 0 1 1 0 0 1 0 1 0 1 0 1 0 1 1 1 0.287173063
389 2451 38 0 0 0 0 0 0 0 0 0 0 0 0 0 0 0 0 0 0 0 1 0.301333132
390 27545 2446 1 1 1 1 1 1 1 1 1 1 1 1 0 1 1 1 0 1 1 1 0.292104986
391 15552 1097 1 0 1 1 0 0 0 0 1 0 1 1 1 0 1 0 1 0 0 1 0.298721022
392 30067 1887 1 1 1 0 0 1 1 1 0 1 1 1 1 1 1 1 1 1 1 1 0.308943804
393 14390 522 0 1 0 0 1 0 1 0 0 0 0 1 0 1 0 0 1 0 1 0 0.296870138
394 24009 1964 0 1 1 0 1 1 0 1 1 0 0 1 1 1 1 0 1 1 1 1 0.30677668
395 25228 1852 1 1 1 1 0 1 1 0 1 1 0 1 1 1 1 1 1 0 1 1 0.297113962
396 27402 1767 1 1 1 1 1 1 1 1 1 1 1 1 1 1 1 1 0 1 1 1 0.29076519
397 27207 2217 1 1 1 0 1 1 1 1 1 1 1 1 1 1 1 1 0 1 1 1 0.330318302
398 17406 600 0 0 0 0 0 1 0 0 0 1 1 1 1 1 1 1 1 1 1 0 0.301291145
399 20608 1667 1 1 1 0 1 1 0 1 1 1 1 1 1 1 0 0 1 1 1 1 0.29349534
400 23138 1720 1 1 1 1 1 0 1 0 1 1 1 1 1 1 1 1 1 1 0 0 0.299375447
401 27176 1662 1 1 1 1 1 0 1 1 1 1 1 1 0 1 1 1 1 1 1 1 0.283309721
402 10422 330 0 1 0 0 0 1 0 1 0 0 1 0 0 0 1 1 0 0 0 0 0.277991536
403 18706 510 1 0 1 1 0 0 1 1 1 1 0 0 1 1 0 0 1 0 1 1 0.291454498
404 33433 2590 0 1 1 1 1 1 1 1 1 1 1 1 1 1 1 1 1 1 1 1 0.293890153
405 22900 1123 0 1 0 1 1 1 0 1 1 0 1 1 1 1 1 0 1 1 1 0 0.295494216
406 20013 1254 0 1 1 0 1 1 1 0 1 0 0 0 1 0 1 1 1 1 0 1 0.296312321
407 23126 2169 1 1 1 1 1 1 1 1 1 1 1 1 1 1 1 0 1 1 1 1 0.297572714
408 11120 520 1 1 1 0 0 0 1 1 0 0 0 1 0 1 0 1 0 0 0 0 0.286290242
409 21840 2155 1 1 1 1 1 1 1 1 1 1 1 1 1 0 1 1 1 1 1 1 0.29877271
410 23681 2401 1 1 1 1 1 0 1 1 1 1 1 1 1 1 1 1 1 1 1 1 0.279595501
411 13812 434 0 0 1 1 0 0 0 1 1 1 0 0 0 0 1 0 0 1 1 0 0.284894506
412 20154 1490 1 0 0 0 1 0 0 1 1 0 1 1 1 1 1 1 1 1 0 1 0.306705028
413 12694 901 1 0 0 0 0 0 0 1 1 0 1 1 1 1 1 0 0 0 1 0 0.288218959
414 25078 1892 1 0 1 1 1 1 1 0 1 1 1 1 1 1 1 1 1 1 1 0 0.296561764
415 23311 2085 1 1 0 1 1 0 1 1 1 1 1 1 1 1 1 1 1 1 1 1 0.286591684
416 18341 1355 1 0 1 1 1 0 0 1 0 0 1 1 1 0 0 1 1 1 1 1 0.302955252
417 21095 1016 1 1 1 1 0 1 0 1 1 1 1 0 1 1 1 0 1 1 1 1 0.301494838
418 20096 2785 1 1 1 1 1 0 1 1 1 1 1 1 1 1 1 1 1 1 1 1 0.289110391
419 18464 937 1 1 0 1 0 1 0 1 1 1 1 0 0 0 1 0 0 0 1 0 0.299475008
420 26945 2854 1 1 1 1 1 0 1 1 1 1 1 1 0 1 1 1 1 1 1 1 0.296918614
421 17155 751 1 1 0 1 1 1 1 0 1 1 0 0 1 1 1 1 0 0 0 1 0.304665914
422 15421 713 0 0 0 0 1 0 1 1 0 1 0 1 0 1 1 1 0 0 1 1 0.298626532
423 14807 610 1 1 0 0 0 1 1 1 1 0 1 0 1 0 1 0 1 0 0 0 0.317445778
424 22249 1978 1 1 1 1 1 1 0 1 1 1 1 1 1 0 1 0 0 1 0 0 0.282797952
425 18212 1536 1 1 1 1 1 1 1 1 1 1 1 1 0 1 1 0 1 1 0 1 0.293197773
426 8212 287 0 1 0 0 1 0 0 0 0 0 0 0 0 1 0 1 1 0 0 0 0.30278253
427 19737 718 1 0 0 1 1 0 1 1 0 1 0 1 1 0 1 0 0 0 1 1 0.31451513
428 21684 1306 1 1 0 1 0 1 0 1 1 1 1 0 0 1 0 1 0 0 1 1 0.306345373
429 21118 1550 1 1 0 1 1 0 1 1 1 0 0 0 1 1 1 1 1 1 1 1 0.29570477
430 28753 2001 1 1 1 1 1 1 0 1 1 1 1 1 1 1 1 0 1 1 1 1 0.308813632
431 6012 228 0 0 0 0 0 0 0 0 0 1 0 0 0 1 1 1 0 0 0 0 0.286066721
432 25868 2037 1 1 1 1 1 1 1 1 1 1 1 1 1 1 1 1 1 1 1 0 0.299002637
433 21553 964 1 1 1 0 0 0 1 1 0 0 0 1 1 0 0 1 1 1 1 1 0.266115526
434 23948 1228 0 1 1 0 1 1 0 1 0 0 1 1 1 1 1 0 0 1 1 1 0.292045077
435 16183 605 0 1 0 1 1 1 0 1 0 1 1 1 0 0 0 1 1 0 0 1 0.301588145
436 19456 1186 0 0 1 0 1 0 0 0 1 1 1 0 1 1 1 1 1 0 0 1 0.291283848
437 17007 1300 1 1 1 0 0 0 0 1 1 0 1 0 1 1 0 0 0 1 0 0 0.304713386
438 19173 891 1 1 0 1 0 0 0 0 1 1 0 0 1 1 1 1 1 1 1 1 0.288796666
439 22636 1862 1 1 1 1 1 1 1 0 1 0 1 1 1 1 1 1 1 1 1 1 0.301359303
440 23058 1130 1 1 1 1 1 0 1 0 1 0 0 1 0 0 1 1 1 1 1 1 0.294239254
441 19710 1410 1 0 1 1 0 0 1 0 1 1 1 0 1 0 1 0 1 1 1 1 0.298284556
442 20666 1958 1 1 1 1 0 1 0 1 1 1 1 0 0 1 1 1 1 1 1 0 0.299326213
443 24123 2234 1 1 1 1 1 1 1 1 1 1 1 1 1 1 1 1 1 0 1 1 0.298704025
444 15074 1201 0 1 1 0 0 1 1 1 0 1 0 1 1 1 1 1 0 1 0 0 0.300401282
445 10367 340 1 0 0 0 0 0 1 0 0 0 1 1 1 0 1 0 0 0 0 0 0.279238618
446 22166 1423 1 1 1 1 0 0 1 1 1 1 1 1 0 1 1 0 1 1 1 1 0.291692143
447 26145 1716 0 0 1 1 1 1 1 0 0 1 1 1 1 1 1 1 0 1 1 1 0.285461147
448 23116 1394 1 0 1 1 1 1 1 0 0 0 1 1 0 1 1 0 0 1 1 1 0.276863626
449 21632 1642 1 1 1 1 1 1 1 1 1 1 1 0 0 1 0 1 1 0 1 0 0.308565636
450 19223 1611 1 0 1 0 1 0 1 0 0 1 1 1 1 0 0 1 1 1 1 1 0.30021064
451 16061 848 1 0 0 1 1 1 1 0 0 1 1 0 0 0 0 1 0 1 0 1 0.288362625
452 16494 509 1 0 1 0 0 0 1 0 1 0 0 1 1 0 1 0 0 0 1 0 0.293430487
453 23017 1274 1 0 1 1 1 0 1 1 1 1 0 0 0 1 1 0 1 0 1 1 0.287179486
454 17648 1336 1 0 1 1 0 0 1 1 1 0 1 0 1 0 1 1 0 1 0 1 0.301691976
455 26894 1341 1 1 0 1 1 0 0 1 1 1 1 1 0 1 1 1 0 1 1 1 0.309260264
456 18681 1023 0 1 0 1 0 1 0 1 1 1 0 0 1 0 1 1 0 1 0 1 0.290141853
457 2151 1 0 0 0 0 1 0 0 0 0 0 0 0 0 0 0 0 0 0 0 0 0.288226877
458 17230 698 0 1 1 1 0 1 0 1 1 0 0 1 0 1 0 1 0 1 1 0 0.284227519
459 24281 2082 1 1 1 1 1 1 1 1 1 1 1 1 1 1 1 1 1 1 0 1 0.29360171
460 19002 1033 1 0 0 0 0 1 0 1 1 1 1 0 1 1 0 1 1 1 1 1 0.302722579
461 21981 2050 0 1 1 0 1 1 0 1 1 1 1 1 1 1 1 1 1 1 1 1 0.305577246
462 22899 2269 1 1 1 1 1 1 1 1 1 1 1 0 1 1 1 1 1 1 1 1 0.296677327
463 28197 1747 1 1 0 1 1 1 1 1 1 1 0 1 1 1 1 1 1 1 1 1 0.292316966
464 24019 1529 1 0 1 1 1 1 1 0 0 0 0 1 1 1 1 1 0 1 1 1 0.297487501
465 12124 360 0 0 1 0 0 0 0 0 1 1 1 0 0 1 1 0 0 1 0 0 0.296240017
466 19744 894 1 1 1 1 1 1 1 1 0 1 0 1 0 1 1 1 1 1 0 0 0.294821446
467 26098 2354 1 1 1 1 1 0 1 1 1 1 1 1 1 0 1 1 1 0 1 1 0.286652118
468 22963 1516 1 1 1 0 1 1 1 1 1 0 0 1 0 1 1 1 0 1 1 1 0.281466397
469 25698 2071 1 1 1 1 1 1 1 1 1 1 1 1 0 1 1 1 1 1 1 1 0.305236414
470 10177 344 1 1 0 0 0 0 0 0 1 1 0 0 1 0 0 0 0 1 1 0 0.296584036
471 16946 1093 0 0 1 0 1 0 0 1 1 1 1 0 0 1 1 0 1 0 1 1 0.285787421
472 19900 1596 1 0 0 0 0 0 1 1 0 1 1 1 0 1 1 1 1 1 0 1 0.305668237
473 19917 1123 0 1 0 1 0 0 1 1 1 1 0 0 1 1 1 1 1 0 0 1 0.313966295
474 14463 608 0 1 0 1 0 0 1 1 1 0 1 0 0 1 0 1 1 1 0 0 0.304222406
475 15259 467 0 0 0 1 0 0 0 1 0 1 0 0 1 1 1 0 0 1 1 0 0.291213414
476 18752 1600 1 0 1 1 1 1 0 1 0 1 1 0 1 1 1 1 0 0 1 0 0.300973058
477 11 3 0 0 0 0 0 0 0 0 1 0 0 0 0 0 0 0 0 0 0 0 0.287828294
478 24526 2039 1 1 1 1 1 1 1 1 1 1 1 0 0 0 1 1 1 1 1 0 0.302231236
479 23921 2052 0 1 1 1 1 1 1 1 1 0 1 1 1 1 1 1 1 0 1 1 0.301869109
480 29006 2113 1 1 1 0 1 0 1 1 1 1 1 0 1 1 1 1 1 0 1 1 0.311013367
481 18695 1589 0 1 1 1 0 1 0 1 0 1 0 1 0 0 0 1 1 0 1 1 0.301958053
482 22054 1427 1 1 1 1 1 1 0 1 1 0 1 1 1 1 1 1 1 0 1 1 0.308049173
483 10151 254 0 0 0 1 1 1 0 0 0 0 1 0 0 1 0 0 0 0 1 0 0.308274902
484 25036 2255 1 1 1 1 1 1 1 1 1 1 1 1 0 1 1 1 1 1 1 1 0.288675856
485 27918 1625 0 1 1 1 1 1 1 1 0 1 1 1 1 1 1 1 1 1 1 0 0.282979343
486 21635 2456 1 0 1 0 1 1 1 1 1 1 1 1 0 1 1 1 0 1 1 0 0.302095856
487 12231 529 0 0 0 1 0 0 1 1 0 0 0 1 0 0 1 1 1 0 0 0 0.291944604
488 18516 1358 1 0 0 1 1 1 1 1 0 1 0 0 0 1 0 1 1 1 1 1 0.284950321
489 13496 644 1 1 0 0 0 1 1 1 1 0 0 0 0 1 0 1 0 1 0 0 0.302235731
490 15100 573 1 1 0 0 0 1 1 0 0 0 1 0 1 1 0 0 0 0 1 1 0.294604787
491 20725 1522 1 1 1 1 1 1 1 0 1 0 1 0 1 1 0 1 1 1 0 1 0.282055235
492 23189 2509 1 1 1 1 1 1 1 1 1 1 1 1 1 0 1 1 1 1 1 1 0.305283863
493 23587 1133 1 0 0 1 1 1 0 1 1 1 1 1 1 1 1 1 0 0 1 0 0.288797615
494 0 0 0 0 0 0 0 0 0 0 0 0 0 0 0 0 0 0 0 0 0 0 0.290123856
495 12450 466 1 0 0 1 1 0 0 1 0 0 0 1 0 1 1 0 0 1 1 0 0.294384449
496 4851 96 0 0 0 0 0 1 0 0 0 0 0 0 0 1 1 0 0 0 0 0 0.300660163
497 6256 125 0 0 0 0 0 0 0 1 0 0 0 0 0 0 0 0 1 1 0 0 0.30558465
498 23883 2698 1 1 0 1 1 1 1 0 1 1 1 1 1 1 1 1 1 1 1 1 0.290383339
499 26504 2364 1 1 1 1 1 0 1 1 1 1 1 1 1 1 0 1 1 1 1 1 0.307527789
500 16897 1081 0 1 1 1 1 0 0 0 0 0 0 0 1 0 1 1 1 0 1 0 0.296553138
