1 18714 1294 1 1 0 1 1 1 0 0 1 0 1 1 0 1 1 1 1 0 1 1 0 1 1.128442621
2 18216 550 1 1 0 0 1 0 0 0 1 1 1 1 0 0 0 1 0 1 0 0 0 0 1.107363339
3 25069 1778 1 1 1 0 0 0 1 1 0 1 1 1 1 0 1 1 0 1 1 1 1 0 1.147587212
4 28721 2019 1 0 0 0 1 1 1 1 0 1 1 0 1 1 0 1 1 1 1 0 1 1 1.174704486
5 26578 1928 1 1 0 1 1 1 1 1 0 1 1 1 1 1 1 1 0 1 1 1 0 0 1.20250078
6 27268 2428 1 1 0 1 1 1 1 1 1 0 1 1 1 1 1 1 0 1 1 1 1 1 1.113631906
7 14610 436 0 0 1 1 0 0 0 0 0 1 1 0 0 0 0 0 0 0 1 1 1 0 1.119688867
8 21615 1072 1 1 1 0 1 1 1 1 0 1 1 1 0 1 1 0 0 1 0 0 1 0 1.178511992
9 26749 1823 1 0 1 1 1 0 1 1 1 1 1 1 1 0 1 0 1 1 1 1 1 0 1.15065944
10 17445 683 1 1 0 0 1 0 0 0 0 1 1 1 0 0 1 0 0 0 1 1 1 1 1.132766248
11 29721 1904 1 0 1 1 1 1 1 1 1 1 1 1 1 1 1 1 1 1 1 1 1 1 1.162905928
12 21787 1321 0 1 1 1 0 1 0 0 1 0 1 1 1 1 1 0 1 0 0 0 1 1 1.194720269
13 31767 1777 1 1 1 1 1 1 1 1 1 1 0 1 1 1 1 1 0 1 1 1 1 1 1.138340549
14 29608 2337 1 1 1 1 1 1 1 1 1 1 0 1 1 1 1 1 1 0 1 1 0 1 1.1536289499999999
15 21241 1578 1 0 0 1 1 1 1 0 1 1 0 1 1 1 1 1 1 0 1 1 1 1 1.136416579
16 14981 799 0 0 1 1 1 0 0 1 1 0 1 0 1 0 0 1 0 0 0 0 1 0 1.127859456
17 25923 1883 1 1 1 0 0 1 1 1 1 1 1 1 0 1 1 1 1 0 1 1 1 1 1.158404024
18 25078 1366 1 1 0 0 1 1 1 1 0 0 0 1 0 1 1 1 1 1 1 1 1 1 1.161879846
19 28140 2525 1 1 1 1 1 1 1 1 1 1 1 0 1 1 1 1 1 1 1 1 1 1 1.103838589
20 1936 5 0 0 0 0 0 0 0 0 0 0 0 0 0 0 0 0 0 0 0 0 0 1 1.160562552
21 22879 1058 0 0 1 1 0 1 0 1 1 1 1 0 1 1 1 1 1 0 0 1 0 0 1.147354661
22 10567 307 0 1 0 0 0 0 1 1 0 0 0 1 0 0 0 0 0 0 1 0 1 1 1.093499716
23 28931 2389 1 1 1 1 1 1 1 1 1 0 1 1 1 1 1 1 1 1 1 1 1 0 1.196303452
24 23023 1046 1 0 1 1 1 1 1 1 0 0 1 0 1 1 0 0 0 1 0 1 1 0 1.117431313
25 26441 1804 1 1 1 0 0 1 1 1 1 1 1 1 1 0 0 1 1 1 0 1 0 1 1.13294998
26 32125 2408 1 1 1 1 1 0 1 1 1 1 1 1 1 1 1 1 1 1 1 1 1 1 1.135663513
27 25301 2211 1 1 1 0 1 1 1 1 1 1 1 1 1 1 1 1 1 1 1 1 1 1 1.099332512
28 25892 2611 1 0 1 1 1 1 1 1 1 0 1 1 1 1 1 1 1 1 1 1 0 1 1.150737829
29 1393 14 0 0 0 0 0 0 0 0 0 0 1 0 0 0 0 0 0 0 0 0 0 1 1.16236809
30 22400 2060 1 1 1 1 1 1 1 0 1 1 1 1 1 1 0 0 1 0 0 0 1 1 1.2067771999999999
31 13057 993 1 0 1 1 0 0 0 0 0 0 0 1 0 1 0 1 1 0 1 1 0 0 1.149359477
32 15844 1624 1 0 0 1 0 1 1 1 0 1 1 1 1 0 1 1 1 1 0 1 0 0 1.12769298
33 14168 573 1 0 0 1 1 0 1 0 0 0 1 0 0 1 1 0 0 0 1 1 1 0 1.152790901
34 18157 1275 0 1 1 0 0 1 0 1 1 1 1 1 0 0 0 0 1 1 0 0 1 0 1.142407684
35 28982 1331 1 1 1 0 1 1 0 1 1 1 1 0 1 1 1 1 0 1 1 1 1 0 1.106931953
36 22748 1929 1 1 1 1 1 1 0 1 1 0 1 0 1 1 1 1 1 1 1 0 1 1 1.157288649
37 23719 2385 1 1 1 1 0 1 1 1 1 1 1 1 1 1 1 1 1 1 1 1 1 1 1.13021584
38 27843 2460 1 1 1 1 1 1 1 1 1 0 1 1 1 1 1 1 1 1 1 1 1 1 1.153938353
39 23422 2106 1 1 1 1 1 1 1 1 0 1 1 1 1 0 1 1 0 0 1 1 1 1 1.156779016
40 20599 1739 1 1 1 1 1 1 0 0 1 0 0 1 0 1 1 1 1 1 1 0 0 1 1.134416496
41 20735 834 1 1 1 0 1 0 0 1 0 0 1 1 0 0 1 1 0 1 1 0 0 0 1.102758558
42 5144 234 0 0 0 0 0 0 0 0 0 0 0 0 0 0 0 1 0 1 0 0 0 1 1.121844238
43 7300 291 0 1 0 0 0 0 0 0 0 1 0 0 0 0 0 1 0 1 0 0 0 0 1.175540897
44 22191 1512 1 1 1 1 1 1 1 1 1 0 0 1 0 1 1 1 0 0 1 1 0 0 1.14315533
45 21476 1314 1 0 1 0 1 0 1 0 0 1 1 1 1 0 0 1 1 0 1 1 1 1 1.177179991
46 26974 1285 1 1 1 1 0 1 0 1 0 1 1 1 1 1 0 1 1 0 1 0 1 1 1.155335797
47 28041 2545 1 1 1 1 1 1 0 1 1 1 1 1 1 1 1 1 1 1 1 1 0 1 1.144634912
48 8100 383 0 1 0 0 1 0 0 1 0 1 0 0 1 0 0 0 0 0 0 0 1 0 1.1698876440000001
49 15847 776 1 1 1 1 0 1 0 1 0 0 0 0 0 0 1 0 0 0 1 1 1 0 1.141428652
50 21850 1272 1 0 1 1 0 0 1 0 0 1 1 1 1 1 0 1 0 0 1 1 0 1 1.142392643
51 909 5 0 0 0 0 1 0 0 0 0 0 0 0 0 0 0 0 0 0 0 0 0 0 1.125078489
52 18016 924 0 0 0 0 0 1 1 0 1 1 1 1 0 1 0 1 1 1 0 1 0 1 1.14751687
53 22067 1553 0 0 1 1 0 1 0 0 1 0 1 1 0 1 1 0 0 1 1 1 1 1 1.15953818
54 18122 1182 0 1 0 1 1 0 1 1 0 0 0 0 1 1 0 1 1 1 1 1 0 0 1.107473252
55 22122 1553 1 1 1 1 1 0 1 0 0 0 1 1 0 1 1 1 0 1 0 0 1 1 1.121727348
56 25964 1771 0 1 1 0 1 0 1 1 1 0 1 1 1 1 0 0 1 1 1 1 1 1 1.159999651
57 22796 2234 1 1 1 1 1 0 1 0 1 1 1 1 1 1 1 1 1 1 1 1 1 1 1.165962334
58 20241 1094 1 0 1 1 0 1 0 1 1 1 1 0 1 1 0 0 0 1 1 0 1 0 1.125564907
59 21970 1264 0 0 1 1 1 0 1 0 1 1 0 1 1 0 0 0 1 1 1 1 1 0 1.176678544
60 2753 76 0 0 0 0 0 1 0 0 0 1 0 0 0 0 0 0 0 1 0 0 0 0 1.121340616
61 27326 2105 0 1 1 0 1 1 1 1 1 0 0 1 1 1 1 1 0 1 1 1 0 1 1.149084592
62 19488 603 1 0 1 0 0 0 1 1 0 1 0 1 0 1 0 0 1 0 1 1 0 0 1.132581501
63 28392 1825 1 1 1 1 1 1 1 1 1 1 0 1 0 1 1 1 1 1 1 1 1 1 1.148798197
64 24617 1766 1 1 1 1 1 1 0 0 1 0 1 1 1 0 1 1 1 1 1 0 0 1 1.126202506
65 23104 1487 1 1 1 1 0 1 0 0 0 1 0 1 1 0 1 0 1 1 1 1 1 0 1.108651187
66 24095 1777 1 0 1 1 0 0 1 1 0 1 1 1 1 1 1 1 1 0 0 1 1 1 1.115513503
67 23209 1746 1 0 1 1 0 1 0 1 1 1 0 0 1 0 1 1 0 1 1 1 1 1 1.1114591090000001
68 14710 1346 0 1 0 0 1 1 1 0 1 0 0 1 1 0 0 1 0 1 0 0 1 0 1.120176138
69 18239 1402 0 1 1 0 1 1 0 1 1 0 0 0 1 0 1 1 1 0 1 1 0 1 1.151504679
70 20894 885 0 1 1 1 0 0 1 0 1 0 1 0 0 1 0 0 1 1 0 1 0 1 1.126894171
71 15148 1449 1 0 1 0 0 1 1 1 1 1 0 0 0 1 0 1 0 0 0 0 1 1 1.147697056
72 18279 831 1 1 0 0 0 0 0 1 0 1 0 0 1 1 0 1 0 1 1 1 1 1 1.123085633
73 27969 1733 0 1 0 1 1 1 1 1 0 1 1 1 0 1 1 1 1 1 1 1 1 1 1.119790758
74 17084 779 1 0 0 1 0 0 0 1 1 1 0 0 1 1 1 0 1 1 0 1 0 0 1.140031718
75 6161 128 0 0 0 1 0 0 0 0 0 0 0 0 0 0 1 0 1 0 0 0 0 1 1.152514722
76 19058 1183 1 0 1 1 0 1 1 1 0 1 1 0 1 0 0 1 1 0 0 1 1 1 1.110077059
77 25850 2427 1 1 1 0 1 1 1 1 1 1 1 1 1 1 0 1 1 1 1 1 1 1 1.174683066
78 26607 2722 1 1 1 1 1 1 0 1 1 1 0 1 1 1 1 1 1 1 1 1 0 1 1.090915099
79 10534 350 0 0 0 0 0 1 1 0 1 0 0 0 1 0 1 1 0 0 0 0 0 0 1.125419785
80 25700 1664 1 1 1 0 1 0 0 1 1 1 1 1 1 1 0 1 1 0 0 1 0 1 1.1486831849999999
81 19069 870 1 1 0 0 1 1 0 0 1 1 0 0 0 0 1 1 1 0 1 0 0 1 1.114646497
82 20571 2244 1 1 1 1 1 1 1 1 1 1 1 1 1 1 1 0 1 1 1 0 1 1 1.20049416
83 11944 443 0 1 0 0 0 0 0 0 1 0 1 0 0 0 1 0 1 1 0 0 0 0 1.171776349
84 33484 2644 1 1 1 1 1 1 1 1 1 1 0 1 1 1 1 1 1 1 1 1 1 1 1.132067073
85 29758 2258 1 1 1 1 0 1 1 1 1 1 1 1 1 1 1 0 1 1 1 1 1 0 1.149899494
86 28025 2265 1 1 1 1 1 1 1 1 1 1 0 1 1 1 1 1 1 1 1 1 1 1 1.094953008
87 22493 2232 1 1 1 0 1 1 1 1 1 1 0 0 1 1 1 1 1 1 1 0 1 1 1.14437012
88 29281 2353 0 1 1 1 1 0 1 1 1 1 1 1 1 1 1 1 1 0 1 0 1 1 1.091821348
89 21055 1910 1 1 1 1 1 1 0 1 1 0 1 1 1 0 0 0 1 1 1 1 1 0 1.17667677
90 12057 381 1 0 0 1 1 1 0 1 0 0 0 0 0 0 0 0 0 0 0 0 1 1 1.171016523
91 24171 2208 1 1 1 1 1 1 0 1 1 1 0 1 0 1 0 1 1 1 1 1 1 1 1.16336216
92 23693 2259 0 1 1 1 1 1 1 1 1 1 1 1 0 1 1 0 0 1 1 1 1 1 1.110272018
93 21521 1530 1 1 1 1 1 1 0 1 1 1 1 0 1 1 0 1 0 1 1 0 1 1 1.112680895
94 15596 782 1 1 0 1 1 0 0 1 1 0 0 1 1 0 0 0 1 0 1 0 0 0 1.1711982459999999
95 28153 2532 1 1 1 1 1 0 1 1 1 1 1 1 1 1 1 1 1 1 1 1 1 1 1.184935198
96 23771 1952 0 0 1 1 1 1 1 1 1 1 1 1 1 1 1 0 1 0 1 1 1 1 1.153396281
97 10903 284 0 0 1 0 0 0 1 0 0 0 0 1 0 0 0 1 0 0 0 0 1 1 1.156333604
98 23280 888 1 1 0 1 0 0 1 1 0 1 0 1 0 0 1 1 1 0 1 1 1 0 1.169481254
99 19414 1390 1 1 1 0 0 0 1 0 1 1 1 1 1 1 1 1 0 1 0 1 0 0 1.131250055
100 25913 2541 1 1 1 1 1 1 1 1 1 1 1 1 1 1 1 1 1 0 1 1 1 1 1.141993828
101 20243 1517 1 0 0 0 1 1 1 1 0 1 0 1 0 1 1 0 1 1 0 1 1 0 1.099929213
102 4719 133 1 0 0 0 0 0 0 0 0 0 0 0 0 0 1 0 1 0 0 1 0 0 1.173505896
103 13678 693 0 1 1 0 1 0 1 1 0 0 0 0 1 0 0 1 1 0 1 0 0 1 1.109724654
104 23446 1849 0 0 1 0 1 1 0 1 1 0 1 1 0 1 1 1 1 1 1 1 1 1 1.112346165
105 25411 929 1 1 0 1 0 1 0 1 0 0 0 1 1 0 1 0 1 1 1 1 1 1 1.144943276
106 22552 1332 0 1 1 0 1 0 1 1 1 1 0 0 1 1 1 0 1 0 1 0 0 1 1.168069622
107 25845 2051 1 1 1 0 1 1 1 1 0 1 1 1 0 1 1 1 1 1 1 1 1 1 1.128090553
108 28311 2088 1 1 1 1 1 1 1 1 0 1 1 1 1 1 1 0 0 1 1 1 1 1 1.150536944
109 12116 501 1 0 1 0 1 0 0 0 0 1 0 1 1 1 0 1 0 0 0 0 1 0 1.160059395
110 15130 958 0 0 1 0 1 1 0 1 0 0 1 1 0 0 0 1 0 1 0 1 1 0 1.181282669
111 25566 1739 1 0 1 1 1 1 1 0 1 1 1 1 0 0 1 1 1 0 0 1 0 1 1.131503551
112 30492 2616 1 1 0 1 0 1 1 1 1 1 1 1 1 1 1 0 1 1 1 1 1 1 1.12656617
113 29701 2770 1 1 0 1 0 1 1 1 1 1 1 1 1 1 1 1 1 1 1 1 1 1 1.171131414
114 23648 1573 1 0 1 1 0 0 1 1 1 1 1 1 0 1 1 1 1 1 0 1 1 0 1.104433906
115 27612 2329 1 1 1 1 1 1 1 1 1 0 1 1 1 1 1 1 1 1 0 1 1 1 1.142157633
116 18714 776 1 0 1 0 0 1 0 0 1 1 1 0 0 1 0 1 1 0 1 0 1 0 1.167866556
117 10498 290 1 0 0 0 0 1 0 0 1 0 0 0 1 0 0 0 0 0 1 0 0 0 1.166908372
118 13369 461 1 1 0 1 0 0 1 0 0 1 0 0 0 1 1 0 1 0 0 0 1 0 1.146106803
119 26254 2227 1 1 1 1 0 0 1 1 1 0 1 1 1 1 1 1 1 1 1 1 1 1 1.150343461
120 27370 2442 1 1 1 1 1 1 1 1 1 1 1 1 1 1 0 1 1 1 1 1 1 1 1.102359299
121 8373 400 0 1 1 1 0 0 1 0 1 0 0 0 0 0 0 0 0 0 0 0 0 1 1.126412765
122 15516 966 0 1 0 1 0 0 0 1 0 0 1 1 1 0 0 1 1 0 0 0 1 0 1.140302285
123 19165 2377 1 1 0 1 1 1 1 1 1 0 1 1 1 1 1 1 1 1 1 1 1 1 1.130577221
124 21081 1663 1 0 1 1 1 1 0 1 1 0 0 1 1 0 1 1 0 1 1 0 1 1 1.151707622
125 29753 1971 0 0 1 1 1 1 1 1 0 1 0 1 1 1 1 1 1 1 1 1 1 1 1.099788489
126 14359 550 1 1 1 0 1 0 0 1 0 0 0 0 0 0 1 0 0 1 1 1 0 0 1.167255175
127 18803 926 1 1 0 0 0 1 1 0 1 0 1 0 1 0 0 1 0 1 1 0 0 0 1.183226969
128 16765 823 0 1 0 1 1 0 1 1 1 1 1 0 1 0 0 1 0 1 1 0 1 0 1.155266461
129 4325 34 0 0 0 0 0 0 0 0 0 0 1 0 0 0 1 0 0 0 0 0 0 0 1.142930279
130 22774 1348 1 1 0 1 1 1 1 0 1 0 1 0 1 0 0 0 1 0 0 1 1 1 1.137336194
131 8431 155 0 0 0 0 0 0 0 1 1 0 0 0 1 1 0 0 0 0 1 0 0 0 1.128587561
132 25928 1292 0 0 1 1 1 1 0 1 1 1 1 1 0 0 0 0 1 1 1 1 1 1 1.1327232010000001
133 22411 1532 1 0 0 1 1 0 1 1 1 1 0 1 0 1 1 1 0 1 1 0 1 1 1.118968275
134 15193 746 0 0 1 0 1 0 0 1 1 1 1 0 1 0 0 0 1 0 0 0 0 1 1.152394997
135 20547 1344 1 1 1 1 1 1 1 0 1 1 1 0 1 1 1 0 0 0 1 1 1 1 1.201647509
136 24961 1868 1 1 1 1 1 1 1 1 0 1 1 1 1 1 0 1 1 1 1 1 0 1 1.120495816
137 18674 1228 1 1 1 0 1 0 0 1 0 1 0 0 0 1 0 1 1 0 1 1 1 0 1.147821079
138 30251 2445 1 1 1 1 0 1 1 1 1 1 1 1 1 1 1 1 1 1 1 1 0 1 1.178965497
139 25608 2139 1 1 1 1 1 1 1 0 1 1 0 1 1 1 1 1 1 1 1 1 1 0 1.119711137
140 25030 2267 1 1 1 1 1 1 1 0 0 1 1 1 1 1 1 1 1 1 1 1 1 0 1.139975107
141 11694 437 0 0 1 0 0 0 1 1 1 0 0 1 1 1 0 0 0 1 0 0 0 0 1.151239624
142 20238 982 1 1 1 1 0 0 0 1 1 0 0 0 0 0 0 1 1 1 1 1 1 0 1.158875102
143 19687 2013 1 1 1 1 1 0 0 1 1 1 1 0 1 1 1 1 1 1 1 1 1 1 1.169400675
144 6636 75 0 0 0 1 0 0 0 0 0 0 0 0 0 1 0 0 0 0 0 1 0 0 1.203888758
145 28551 2414 1 1 1 1 1 1 0 1 1 1 1 1 1 1 1 1 1 1 1 1 0 1 1.139761183
146 15850 748 1 0 0 1 1 1 1 1 0 1 1 1 0 0 0 0 0 0 0 1 0 0 1.141536048
147 21278 1748 0 1 0 1 1 0 1 0 1 0 0 1 1 0 0 0 1 1 1 1 1 0 1.154540824
148 26897 2749 0 1 1 1 1 1 0 1 1 1 0 1 1 1 0 1 1 1 1 1 1 1 1.121091416
149 17940 800 0 1 1 1 1 0 0 1 1 0 0 0 1 1 1 0 0 1 1 0 1 1 1.173793473
150 21644 1467 1 1 1 1 1 1 0 1 0 1 0 1 1 1 1 0 1 1 0 1 1 0 1.171590479
151 27979 2153 1 1 1 1 1 1 1 1 1 1 1 1 1 1 1 1 0 1 1 1 1 1 1.154209367
152 6517 173 0 1 0 0 0 0 0 0 1 0 1 0 0 0 0 0 0 1 0 0 0 0 1.191351544
153 32464 2546 1 1 1 1 1 1 1 1 1 1 1 1 1 1 1 0 1 1 1 1 1 1 1.1334822230000001
154 22544 2437 1 1 1 1 1 1 1 1 1 1 1 1 1 1 1 1 1 0 1 1 1 0 1.144481727
155 26961 2643 1 0 1 1 1 1 0 1 1 1 1 1 1 0 1 1 1 1 1 1 1 1 1.134233988
156 3548 49 0 0 0 0 0 0 0 0 0 0 0 1 0 0 0 0 0 0 0 1 1 0 1.14801856
157 4385 52 1 0 0 0 0 0 0 0 0 0 0 0 0 0 1 0 0 0 0 0 0 0 1.153606919
158 21034 896 1 0 0 1 1 1 1 1 1 1 1 1 0 1 1 0 0 0 0 0 0 0 1.1633942290000001
159 23519 1586 1 1 1 1 1 1 1 1 1 1 0 1 1 0 1 1 1 1 1 0 0 1 1.096694451
160 20427 1085 0 0 0 0 1 1 0 0 0 1 1 0 1 1 0 1 1 1 1 0 1 1 1.130282005
161 17598 1114 1 0 0 1 0 0 1 0 0 1 1 0 1 0 0 1 1 0 1 1 0 0 1.134021518
162 19044 1103 1 0 0 1 0 0 0 1 1 1 1 1 1 1 0 0 0 0 0 1 0 1 1.128768323
163 4946 166 0 0 1 0 0 0 1 0 0 0 0 0 0 0 0 0 0 1 0 0 0 0 1.171544418
164 6577 265 0 0 0 0 0 0 1 0 1 0 0 0 0 0 0 0 0 0 1 0 0 0 1.120920081
165 22394 1974 1 1 0 0 0 1 1 1 1 1 1 1 1 0 1 1 1 1 1 1 1 1 1.125640323
166 26193 2243 1 1 1 1 1 1 1 1 1 1 1 1 1 1 0 0 1 1 1 1 0 1 1.146978205
167 5372 203 1 1 0 0 0 0 0 1 0 0 0 0 0 0 0 0 0 0 1 0 0 0 1.152794114
168 6909 292 0 1 1 0 0 0 0 1 0 0 0 0 0 0 0 1 0 0 0 0 0 0 1.188987646
169 20668 2710 1 1 1 1 1 1 1 1 1 1 1 1 1 0 1 1 1 0 1 1 1 1 1.1621258
170 26656 956 1 1 1 0 1 1 1 0 1 1 0 0 0 1 0 0 1 1 1 0 1 1 1.118595204
171 14878 514 1 1 0 0 0 0 1 1 0 0 0 0 1 1 0 0 0 0 1 1 0 0 1.151737434
172 18684 532 0 0 1 0 1 1 0 1 1 0 1 1 0 1 0 0 0 1 0 0 0 1 1.13257649
173 19998 1356 1 1 0 0 1 1 0 1 1 1 1 0 0 1 1 0 1 0 1 1 0 1 1.14281575
174 16111 812 0 1 1 0 0 1 0 1 0 0 1 0 1 1 0 1 0 0 0 1 1 0 1.162344158
175 21661 2338 1 1 0 1 1 1 1 0 0 0 1 1 1 1 1 1 1 1 1 1 1 1 1.135627192
176 10068 457 0 0 1 0 0 0 0 0 1 0 1 0 0 0 0 1 0 0 1 1 0 0 1.140922586
177 21934 2243 1 1 1 1 0 1 1 1 1 1 1 1 1 1 1 1 1 1 1 1 1 1 1.174583532
178 27575 2086 1 0 1 1 0 0 1 1 1 1 1 1 1 1 1 1 1 1 1 1 1 1 1.168749538
179 15203 630 1 1 1 0 1 1 1 0 1 0 0 0 1 0 0 1 0 0 1 0 0 0 1.100978741
180 29157 2335 0 1 1 1 1 1 1 1 0 0 1 1 1 1 1 1 1 1 1 0 1 1 1.125055897
181 23850 1776 1 0 1 0 1 1 1 1 1 0 0 1 1 1 1 1 1 1 1 0 0 1 1.148985682
182 2232 41 0 0 0 0 0 0 0 0 0 0 0 0 0 0 0 0 0 0 0 0 0 1 1.149786018
183 15124 990 0 0 0 1 1 0 1 0 1 0 0 0 1 1 1 1 0 0 1 0 1 1 1.1110388979999999
184 26134 2207 1 1 1 1 1 0 0 1 1 1 1 0 1 0 1 1 1 1 1 0 0 1 1.137962055
185 22982 1483 0 1 1 1 1 1 1 0 0 0 1 1 1 0 1 0 1 1 1 1 1 1 1.148669815
186 30750 2228 1 1 1 1 1 1 1 1 1 1 1 1 1 1 1 1 1 1 1 1 1 0 1.18126077
187 17095 1054 0 0 1 0 0 1 1 1 0 0 1 0 0 0 0 1 1 1 1 0 1 0 1.121534096
188 29278 2059 1 0 1 1 1 1 0 1 0 1 1 1 1 0 0 1 1 1 1 1 1 0 1.121022442
189 22950 2963 1 1 1 1 1 1 1 1 1 1 1 1 1 1 1 1 0 1 1 1 1 1 1.143831621
190 16660 431 0 0 1 0 1 0 1 1 1 0 0 1 1 1 0 1 0 0 1 0 0 1 1.139722153
191 24057 1811 1 0 1 1 1 1 1 0 1 0 1 1 1 1 0 1 0 1 1 1 1 0 1.113086819
192 29624 2670 1 1 1 1 1 0 1 1 1 1 1 1 1 1 1 1 1 1 1 1 1 1 1.108877453
193 6580 110 1 0 0 1 0 0 0 0 0 0 0 0 0 0 0 1 0 1 0 0 0 0 1.108013653
194 24569 2609 1 1 1 1 1 1 1 1 1 1 1 1 1 1 1 1 1 1 1 1 0 1 1.108765112
195 10327 380 0 0 0 0 0 1 1 0 0 0 0 1 0 1 1 0 1 0 0 0 0 0 1.136999644
196 18566 1665 0 1 1 1 0 1 1 0 1 0 1 1 0 0 1 1 1 0 1 1 1 1 1.111731178
197 19132 1529 0 0 1 0 1 1 1 1 0 0 1 1 0 1 1 1 0 0 0 1 1 1 1.125401046
198 22804 2122 1 1 1 1 1 1 0 1 0 1 1 1 1 1 0 1 1 1 1 1 1 1 1.175899998
199 25462 1182 1 1 1 1 0 0 1 1 1 1 1 1 0 0 1 1 0 1 0 1 1 0 1.168084835
200 31084 1922 1 1 1 1 1 1 0 1 1 1 1 1 1 1 1 1 1 1 1 1 1 1 1.129143329
201 28292 2428 1 1 1 1 1 1 0 1 1 1 1 1 1 1 1 1 1 1 1 1 1 1 1.157231463
202 2137 88 0 1 0 0 0 0 0 0 0 1 0 0 0 0 0 0 0 0 0 0 0 0 1.158043134
203 36468 2539 1 1 1 0 1 1 1 1 1 1 1 1 1 1 1 1 1 1 1 1 1 1 1.152266184
204 20519 2099 1 1 1 0 1 0 0 0 1 1 1 1 1 1 1 0 1 1 0 1 0 0 1.184356083
205 29158 1882 1 1 1 0 1 1 1 1 1 1 1 1 1 1 1 1 0 1 1 1 1 1 1.134301537
206 10419 385 1 0 0 0 0 0 0 0 1 1 1 0 0 1 0 0 0 0 0 0 1 1 1.134986498
207 22117 2099 1 1 1 1 1 1 0 1 1 1 1 1 1 1 1 1 1 1 1 1 0 0 1.118605088
208 24248 1263 1 1 1 1 1 1 0 1 1 1 0 1 0 1 0 1 0 0 0 1 0 1 1.130493355
209 23503 2323 0 1 1 1 1 1 1 1 1 1 0 1 1 1 1 1 1 1 1 0 0 1 1.146027304
210 19433 1139 1 0 1 0 0 0 1 1 1 0 1 1 0 0 0 1 1 1 1 1 0 0 1.196202494
211 28060 2766 1 1 1 1 1 1 1 1 1 0 1 1 1 1 1 1 1 1 1 1 1 1 1.137870179
212 22496 2131 1 1 1 0 1 1 1 1 1 1 1 1 1 1 1 1 1 1 1 1 1 1 1.169999937
213 19387 1388 0 0 1 1 1 0 0 1 0 0 0 0 1 0 0 1 0 1 1 1 1 1 1.137153401
214 22508 1890 1 1 1 1 1 1 1 1 1 1 1 1 1 0 0 0 1 1 1 0 0 0 1.127684052
215 26558 1544 0 1 1 1 0 1 0 0 1 0 1 1 1 1 1 1 1 1 0 1 0 1 1.114721068
216 9367 139 0 1 0 0 1 0 0 0 1 0 1 0 1 0 0 0 0 0 0 0 1 0 1.155758185
217 20786 1000 0 1 0 1 1 1 1 1 1 0 0 0 1 0 1 1 1 0 1 1 0 0 1.130815374
218 17636 773 1 1 0 0 0 0 1 1 0 0 0 1 0 1 0 1 1 0 1 1 0 0 1.159178936
219 23493 1705 1 1 1 0 1 0 1 1 1 1 0 1 1 1 1 0 0 1 0 1 0 1 1.159149679
220 17998 492 0 0 1 1 0 1 1 1 1 1 0 1 0 0 0 0 1 0 1 0 1 0 1.1767621990000001
221 14005 1135 0 1 0 1 0 0 1 1 1 1 0 0 1 0 0 1 0 1 1 0 0 0 1.137455136
222 12330 260 1 0 0 1 1 0 0 0 0 0 1 1 0 1 1 0 0 1 0 0 1 1 1.138593081
223 29813 1874 1 1 0 1 1 1 1 1 1 1 1 1 1 0 1 1 1 0 1 1 1 1 1.134941221
224 26765 2094 1 1 1 0 1 1 1 1 1 1 1 1 1 1 0 1 1 0 1 1 1 1 1.198554935
225 21288 1677 1 0 0 1 1 0 0 0 0 1 1 0 0 1 0 1 1 0 1 1 1 1 1.169444517
226 27662 3142 1 1 1 1 1 1 1 1 0 1 1 1 1 1 1 1 1 1 1 1 1 1 1.157571376
227 26666 1569 1 1 1 1 1 1 1 1 1 0 1 1 0 0 1 1 1 1 1 1 0 0 1.146179536
228 17318 759 1 0 1 0 1 1 1 1 0 1 1 0 0 0 0 0 0 1 0 0 1 0 1.1228400729999999
229 25145 1053 0 1 1 0 1 1 1 0 1 1 0 1 0 0 1 1 0 1 1 1 1 1 1.158709541
230 4909 87 0 0 0 1 0 1 0 0 0 0 0 1 0 0 0 0 0 0 0 0 0 0 1.1296344
231 29715 2582 1 1 1 1 1 1 1 1 1 1 1 1 1 1 1 1 0 1 0 1 1 1 1.145187594
232 24804 1584 1 0 1 0 1 1 1 0 1 1 0 0 1 0 1 0 1 0 1 1 1 1 1.101640985
233 16452 893 1 0 0 0 0 1 1 1 0 0 0 1 1 1 0 1 0 0 1 0 0 1 1.150774248
234 27215 2416 1 1 1 1 1 1 1 1 1 1 1 1 1 1 1 1 1 1 1 1 0 1 1.120016349
235 15617 1114 1 0 1 0 1 1 1 0 1 1 1 0 1 1 1 0 0 1 0 0 0 1 1.17039924
236 21805 2667 1 1 1 1 1 1 1 0 1 1 1 1 1 1 1 1 1 1 1 1 1 1 1.09077814
237 21936 1479 1 0 0 0 0 1 1 1 0 1 1 0 1 1 0 1 0 1 1 0 1 0 1.104967189
238 15962 907 0 0 1 0 1 1 0 0 1 0 1 1 1 0 0 0 1 1 0 0 1 1 1.138867557
239 25941 2044 1 1 0 1 1 1 1 1 0 1 0 1 1 1 1 0 1 1 1 1 1 1 1.127682414
240 22810 1786 1 1 1 1 1 1 1 1 1 1 1 0 0 0 1 1 0 1 1 1 1 1 1.16866044
241 26937 1809 1 1 1 0 0 0 1 1 1 1 1 1 1 1 1 0 1 0 1 1 0 1 1.169230758
242 8663 206 0 0 0 0 1 0 0 0 0 0 1 1 0 1 0 0 0 0 0 0 1 0 1.134218185
243 29728 2444 1 1 1 1 0 1 1 1 1 1 1 1 1 1 1 1 1 1 0 1 1 1 1.1478375889999999
244 22518 2149 0 1 1 1 0 1 1 0 1 1 1 1 1 0 0 1 1 1 0 1 1 0 1.134301081
245 12768 630 1 0 0 0 1 0 1 1 0 0 0 1 0 1 0 1 0 1 0 0 1 0 1.151027716
246 25582 2011 1 1 1 1 1 0 1 1 1 0 1 1 1 1 1 0 0 0 1 1 0 1 1.105858569
247 10436 281 1 0 0 1 0 0 0 0 1 0 0 0 0 0 1 1 0 0 0 0 1 0 1.123294849
248 32540 2709 1 1 1 1 1 1 1 1 1 1 1 1 1 0 1 1 1 1 1 1 1 1 1.0803344049999999
249 26492 1818 1 1 0 0 1 1 0 1 1 0 1 0 1 0 1 1 1 1 1 1 1 1 1.147033507
250 26806 3030 1 1 1 1 1 1 1 1 1 1 1 1 1 0 1 1 1 1 1 1 1 1 1.148958471
251 19453 1081 1 0 1 0 0 1 1 0 1 0 1 1 0 0 0 1 0 1 1 1 0 1 1.159651612
252 31702 2610 1 0 1 1 1 1 1 1 1 1 1 1 1 1 1 1 1 1 1 0 1 0 1.120954936
253 9410 464 1 1 0 0 0 0 1 0 0 1 0 0 0 0 1 0 0 0 0 0 0 1 1.142419426
254 23870 2029 1 1 1 1 1 1 0 1 1 1 1 1 0 1 1 1 1 0 1 1 1 1 1.15158706
255 12895 705 0 0 1 1 0 0 0 1 1 0 0 1 1 0 1 0 1 0 0 0 0 1 1.163208325
256 24299 1941 1 1 0 1 1 1 1 1 1 1 1 1 1 1 0 1 0 1 1 0 0 1 1.147216898
257 10865 235 0 0 0 0 0 0 0 0 1 0 0 1 1 1 0 0 1 1 0 0 0 1 1.122170293
258 29300 1740 1 1 0 1 1 1 1 1 0 1 1 0 0 1 1 1 1 0 1 0 1 1 1.139417806
259 19818 1186 1 0 1 0 1 1 0 1 0 0 0 0 0 0 1 1 0 0 1 1 0 1 1.135046969
260 10006 202 0 1 0 0 0 0 0 0 0 1 0 1 1 0 0 0 1 0 1 1 1 0 1.117919794
261 13268 639 1 0 0 0 0 0 1 0 1 1 0 0 0 1 0 0 0 0 0 1 1 1 1.128559207
262 4687 317 0 1 1 0 0 0 0 0 0 0 0 1 0 1 0 0 0 0 0 0 0 0 1.115122396
263 20983 2039 1 1 1 1 1 1 1 1 1 1 1 1 1 1 0 1 1 1 1 1 1 1 1.163389741
264 26716 1789 1 1 1 0 1 1 1 1 0 1 0 1 1 1 1 1 1 1 1 0 1 0 1.123144308
265 21178 1261 1 0 1 1 0 0 1 1 1 0 1 1 0 1 0 1 0 0 0 1 1 1 1.155413667
266 24015 1191 1 1 1 0 0 1 1 1 1 1 1 0 1 1 1 1 1 0 0 1 1 1 1.138104293
267 11727 427 0 0 1 0 1 0 1 0 0 0 0 0 0 0 1 1 0 0 0 0 1 0 1.116209698
268 26742 1889 1 1 0 1 0 1 1 1 1 0 1 1 1 1 1 1 1 1 0 1 1 1 1.1254151239999999
269 27993 2546 1 1 0 1 1 1 1 1 1 1 1 1 1 1 1 1 1 1 0 1 1 1 1.117795386
270 20882 1239 0 1 0 1 0 1 1 0 0 0 1 1 0 1 1 1 0 1 0 1 1 1 1.120796819
271 26922 3060 1 1 1 1 1 1 1 0 1 1 1 1 1 1 1 1 1 1 1 1 1 1 1.105470214
272 23705 1443 1 1 1 1 1 0 0 1 0 1 1 1 1 1 0 1 0 0 1 1 1 1 1.127271017
273 22034 2174 0 1 0 1 0 1 1 1 1 1 1 1 1 1 1 1 1 1 1 0 1 1 1.173884346
274 12088 717 0 0 1 1 0 0 0 1 1 1 0 0 1 0 0 1 0 0 0 0 0 0 1.153335627
275 21395 1121 1 1 1 1 1 1 0 0 0 0 1 1 1 0 1 1 1 0 0 1 0 1 1.140628596
276 17358 933 0 0 1 0 0 1 1 1 0 1 0 1 1 0 0 1 1 1 1 0 0 0 1.090306898
277 23055 1729 1 0 0 0 0 1 1 1 0 0 1 1 1 1 1 1 1 0 1 1 1 0 1.1114669799999999
278 12591 671 0 0 1 0 1 1 0 0 0 0 1 1 1 0 0 0 0 0 1 0 1 0 1.173823749
279 25192 1324 1 1 1 1 1 1 1 1 1 0 1 0 1 0 1 0 1 1 0 0 1 0 1.1527509710000001
280 20252 1228 0 1 1 1 1 0 0 0 1 1 1 0 1 0 0 1 0 1 1 1 1 1 1.118643046
281 16468 834 1 0 0 1 1 0 1 1 0 1 1 1 1 0 0 0 0 0 0 0 1 1 1.103735183
282 19579 1325 1 1 1 1 1 0 1 1 0 0 1 0 0 1 0 1 1 1 1 1 0 0 1.120498032
283 22032 2987 0 1 1 1 1 1 1 1 1 1 1 1 1 1 1 1 1 1 1 1 1 1 1.145087355
284 25576 1857 1 1 1 1 1 1 1 1 1 0 1 0 1 1 1 1 1 1 0 0 1 0 1.126491117
285 16999 853 0 1 1 1 1 0 1 0 1 1 0 0 0 1 1 0 1 1 0 0 0 0 1.108526145
286 1525 43 0 1 0 0 0 0 0 0 0 0 0 0 0 0 0 0 0 0 0 0 0 0 1.146957737
287 25843 2511 0 1 1 1 1 1 1 1 1 1 1 1 1 1 1 0 1 1 1 1 1 1 1.125133348
288 6033 138 0 0 0 0 0 0 0 0 0 0 0 1 1 0 0 0 1 0 0 0 1 0 1.138356515
289 21005 1165 0 0 1 1 1 0 0 0 0 1 1 1 0 0 0 1 1 0 1 1 1 1 1.135377046
290 21234 1208 1 1 0 0 1 1 0 1 1 0 0 0 1 0 1 1 0 1 1 1 1 1 1.04598028
291 18730 1115 0 0 1 0 1 1 1 0 0 0 0 1 1 1 1 0 1 1 1 1 0 1 1.134397919
292 22865 1757 0 1 1 1 0 1 1 1 0 1 1 1 1 1 1 1 0 1 0 1 1 0 1.129763215
293 11444 370 0 1 0 1 1 0 0 0 1 0 0 0 0 1 1 0 0 1 0 0 0 1 1.124443846
294 22853 2221 1 0 0 1 1 1 1 1 0 1 1 0 1 1 1 1 0 1 0 1 1 1 1.121030527
295 2217 61 0 0 0 0 0 0 0 0 0 1 0 0 0 0 0 0 0 0 0 0 0 0 1.157887117
296 32135 1776 0 1 1 1 1 1 1 1 1 1 1 0 1 1 1 1 1 1 1 1 1 1 1.158358291
297 23975 1934 0 1 0 1 1 0 1 1 1 1 1 1 1 1 1 1 0 1 0 1 0 1 1.158410459
298 13211 860 0 1 1 0 1 0 0 0 0 1 0 0 1 1 1 0 1 1 0 0 1 0 1.130453538
299 29121 2486 1 1 1 1 1 0 1 1 1 1 1 1 1 1 1 1 1 1 1 1 1 1 1.154334226
300 25547 2204 1 1 1 1 1 1 1 1 1 0 1 1 1 1 1 1 1 1 1 1 1 1 1.148338165
301 16641 995 1 0 1 0 1 0 1 1 1 1 1 0 0 0 0 0 0 0 0 1 0 1 1.140032364
302 20736 1474 1 1 1 0 0 0 0 0 0 1 1 1 1 1 0 1 1 1 1 1 0 1 1.061948214
303 20082 923 1 0 1 1 1 1 0 0 1 0 1 0 0 0 0 0 1 1 1 1 0 1 1.139453167
304 28390 1927 0 1 1 1 1 1 1 1 0 1 0 0 0 1 1 1 1 1 1 1 1 0 1.12928095
305 19656 680 1 0 1 1 1 0 1 1 0 1 1 0 0 1 0 0 1 1 0 0 0 0 1.09786581
306 29449 2485 1 1 0 1 1 1 1 1 1 1 1 1 1 1 1 1 1 1 1 0 1 1 1.148543783
307 27240 1734 1 1 1 0 0 1 1 0 1 1 1 1 1 1 1 1 1 0 1 1 1 1 1.23192116
308 10062 309 1 0 0 0 0 1 0 0 0 0 0 1 1 0 0 0 0 1 0 0 0 1 1.163435541
309 29426 1986 1 1 0 1 0 1 1 1 1 1 1 1 0 1 1 0 1 1 0 1 1 1 1.143384468
310 29608 2574 1 1 0 1 1 1 1 1 1 1 1 1 1 1 1 1 1 1 1 1 1 1 1.142511516
311 15584 847 1 1 0 0 0 1 0 0 0 1 1 1 0 0 1 1 0 0 0 0 1 1 1.142640813
312 24508 2685 1 1 1 1 1 1 1 0 1 1 1 1 1 1 1 1 1 1 1 1 1 1 1.1448870979999999
313 24723 2026 1 0 1 1 1 0 1 1 1 1 0 1 1 1 1 1 0 1 1 1 1 1 1.138871913
314 18880 1159 0 0 0 1 0 1 0 0 0 1 1 0 1 1 0 1 1 1 1 1 1 1 1.154179647
315 13397 418 1 0 0 1 0 0 0 1 0 1 0 0 1 0 0 0 1 0 0 0 1 0 1.151621855
316 22781 1164 1 0 0 1 0 1 0 1 1 1 1 0 0 1 0 1 0 1 1 1 1 1 1.157702194
317 28011 2127 0 0 1 1 1 1 1 1 1 1 1 0 1 1 0 1 1 1 1 1 1 1 1.146661008
318 24254 2487 0 1 1 1 1 1 1 1 1 0 1 1 1 1 1 1 1 1 1 1 1 1 1.1548137729999999
319 9664 299 0 0 0 0 0 1 0 0 0 0 0 0 1 0 0 0 0 1 1 0 0 1 1.157979023
320 26136 1972 1 1 1 1 1 1 1 1 0 0 1 1 1 1 0 1 1 0 1 1 1 1 1.185741757
321 14559 569 0 0 0 1 0 0 1 0 0 1 1 0 1 0 1 1 0 1 0 0 1 1 1.134079884
322 12722 508 0 0 0 0 1 0 1 0 0 1 1 1 1 0 0 0 0 1 1 0 0 0 1.14905722
323 14591 660 1 0 0 1 0 1 1 1 0 0 0 1 1 0 0 0 0 0 0 1 0 0 1.099461633
324 21904 1931 0 1 1 1 1 1 1 0 1 1 0 1 0 1 1 1 1 1 1 1 0 1 1.138149315
325 18974 1368 1 1 1 0 0 1 1 1 1 1 0 1 1 0 0 0 1 1 0 1 0 1 1.145120415
326 26571 1637 0 1 0 0 1 1 1 1 1 1 1 1 1 1 1 0 1 1 0 1 1 0 1.159975195
327 7921 81 0 0 0 0 0 0 0 0 1 0 0 0 1 0 1 0 0 0 1 0 0 0 1.10086639
328 25046 2167 1 1 1 0 1 1 1 1 1 0 1 1 0 1 1 1 1 1 0 1 1 1 1.184572954
329 16324 1037 0 0 0 1 1 0 0 0 0 1 1 1 1 1 1 0 1 1 0 1 0 0 1.152657191
330 22435 1680 0 1 1 0 1 1 1 0 0 1 1 1 0 1 0 1 0 0 1 1 1 0 1.1697725
331 30037 2011 0 0 1 0 1 1 1 1 1 1 1 1 1 1 1 1 1 1 1 1 0 1 1.144972042
332 20679 2115 1 0 1 0 1 1 1 0 1 1 1 1 0 0 1 1 1 1 1 1 1 1 1.170258949
333 25370 2171 1 1 0 0 1 1 1 1 1 1 1 1 1 0 1 1 1 1 0 1 0 1 1.152375302
334 24443 1978 0 1 1 0 1 1 1 0 1 1 1 1 1 1 1 1 1 0 1 1 1 1 1.134974201
335 8656 147 1 1 0 0 1 0 0 0 0 1 0 0 0 0 0 0 0 0 0 1 0 0 1.105783366
336 2452 34 0 0 0 0 0 0 0 0 0 0 0 0 0 0 1 0 0 0 1 0 0 0 1.11764715
337 5445 100 0 0 0 1 0 0 0 0 0 0 1 1 1 0 0 0 0 0 0 1 0 0 1.099106474
338 20988 1958 0 1 1 1 1 1 1 1 0 0 1 1 1 0 1 1 1 1 1 1 1 1 1.179835426
339 19255 1674 1 1 1 1 1 0 0 1 0 1 1 1 1 0 0 1 1 0 0 1 1 1 1.11530337
340 22005 1811 1 1 0 1 0 1 1 1 1 1 1 1 0 1 1 0 1 0 1 1 1 1 1.174013926
341 25213 2839 1 1 0 1 1 1 1 1 1 1 1 1 1 1 1 1 1 1 1 1 1 1 1.165065368
342 25677 2135 1 1 1 1 1 1 1 0 1 0 0 1 1 1 1 1 1 1 1 1 1 1 1.138628171
343 25920 2018 1 1 1 1 1 0 0 1 1 1 1 0 1 1 0 0 1 1 1 0 1 1 1.152665302
344 15378 1164 0 1 1 0 0 0 1 0 1 0 1 1 0 0 1 0 0 1 0 1 0 0 1.173079959
345 14753 1191 0 0 1 1 1 0 0 0 0 1 1 0 1 1 0 0 0 1 0 0 1 0 1.172164854
346 28541 2116 1 1 1 1 1 1 1 1 1 0 1 1 1 0 1 0 0 1 1 1 1 1 1.180018473
347 3176 121 1 1 0 0 0 0 0 0 0 0 1 0 0 0 0 0 0 0 0 0 0 0 1.155444463
348 4086 95 1 0 0 0 0 1 0 1 0 0 0 0 0 0 0 0 0 0 0 0 0 0 1.09847862
349 17948 1442 1 1 1 0 1 1 1 1 0 0 1 1 1 0 0 1 1 1 0 0 1 1 1.1253779449999999
350 14508 609 0 1 0 0 1 1 1 0 0 0 1 1 1 1 0 0 0 1 0 0 0 1 1.124532511
351 5174 193 0 0 0 0 0 1 0 0 0 1 0 1 0 0 0 0 0 0 0 0 0 0 1.128410227
352 18927 1145 1 0 1 1 0 0 0 0 1 0 1 1 1 1 0 1 1 1 1 1 0 0 1.161186064
353 14110 662 0 0 0 0 0 1 0 1 0 1 1 0 1 0 0 1 0 1 0 0 1 1 1.1298812360000001
354 25245 1837 1 0 1 1 1 1 1 1 1 1 1 0 0 1 1 1 1 1 1 0 1 0 1.146338833
355 11464 496 0 0 0 0 0 0 1 0 1 1 1 1 1 0 0 0 1 0 0 0 0 0 1.139446087
356 26995 1994 1 1 1 0 1 1 1 0 1 1 1 1 1 1 1 0 1 1 0 0 1 1 1.179902942
357 20550 2288 1 1 0 0 1 1 0 1 1 1 1 1 1 1 1 0 0 1 0 1 1 1 1.143822697
358 30774 2649 1 1 1 1 1 0 1 1 1 0 1 1 1 1 1 1 1 1 1 1 1 1 1.130266172
359 17549 1027 1 1 1 0 0 1 1 0 0 1 1 0 1 0 0 1 0 0 0 0 1 0 1.132811595
360 8046 122 0 0 0 0 0 0 0 0 1 0 0 0 1 0 0 0 0 1 0 0 1 0 1.159212718
361 23237 2555 1 0 1 1 1 1 1 1 1 1 1 1 1 1 1 1 1 1 1 1 1 1 1.173997474
362 11643 500 1 0 0 0 1 0 0 0 0 0 0 1 1 1 0 0 0 0 0 0 0 1 1.180717439
363 11283 337 1 1 0 0 0 0 0 0 0 0 0 0 1 1 0 0 1 0 1 1 0 0 1.090496688
364 20928 1064 1 1 0 0 1 1 1 1 0 0 0 1 1 1 1 0 0 0 1 0 1 1 1.16262953
365 31448 2208 1 1 1 1 0 1 1 1 1 1 1 1 1 1 1 1 1 1 1 1 1 1 1.097724065
366 21993 1457 1 1 1 0 1 0 1 1 0 1 0 1 0 1 0 1 1 1 1 1 0 0 1.126896453
367 18627 538 0 0 1 0 0 1 1 0 1 1 0 0 1 1 1 1 0 0 1 1 0 0 1.173547564
368 9663 262 0 0 1 0 0 0 0 0 0 1 0 0 0 0 0 1 0 0 1 1 0 0 1.125985702
369 25329 1263 0 1 0 1 0 1 1 1 0 1 1 0 1 1 1 1 1 0 1 1 1 0 1.122960808
370 16942 792 0 1 0 0 0 1 1 0 1 0 0 0 1 0 1 1 1 1 0 0 1 1 1.1274688290000001
371 20374 1317 1 0 1 1 1 0 1 1 1 0 1 0 1 0 0 1 0 1 0 0 0 1 1.134690431
372 5980 120 0 0 1 0 0 0 0 0 0 0 0 1 0 0 1 0 0 0 0 1 1 0 1.103490583
373 23341 1120 1 1 0 1 1 1 1 0 0 0 1 1 0 0 1 1 1 0 0 1 1 0 1.209488887
374 18481 1288 1 0 1 0 1 1 0 1 1 1 1 0 1 1 1 0 1 1 1 0 0 0 1.1388362220000001
375 14656 327 0 0 0 0 1 0 0 1 1 0 0 0 1 1 0 0 1 1 0 0 0 0 1.107338616
376 24711 1233 1 1 1 1 1 0 0 1 0 1 0 1 1 1 1 0 0 0 0 1 1 0 1.1174696100000001
377 16666 1369 0 0 0 0 0 1 1 1 1 0 1 1 0 1 0 1 0 0 0 1 0 1 1.116621521
378 6895 248 0 0 0 0 0 0 0 1 0 1 1 1 0 0 0 0 0 0 0 0 0 0 1.142344077
379 28058 2059 1 1 0 1 1 0 1 1 1 1 1 1 1 1 1 1 1 1 1 1 1 1 1.1750208
380 11778 764 0 0 0 0 0 0 1 1 1 0 0 1 0 1 0 1 0 1 0 0 1 0 1.176901136
381 21061 630 0 0 0 0 1 0 1 1 1 1 1 1 0 1 1 0 1 0 1 0 0 0 1.14133466
382 19720 1514 1 1 0 1 1 0 0 1 1 1 1 0 1 1 0 1 1 0 1 1 0 0 1.104759894
383 27098 1512 1 1 1 1 0 0 1 1 1 1 0 0 0 1 1 1 1 0 1 1 1 1 1.114700427
384 7489 174 1 0 1 0 0 0 0 0 0 1 0 1 0 0 0 0 0 0 0 0 1 0 1.1363834449999999
385 16498 611 0 0 1 0 0 0 1 0 1 0 0 0 1 0 0 0 1 1 1 1 0 1 1.136281924
386 17998 763 0 1 1 0 0 1 1 1 0 0 1 1 1 0 1 0 0 1 0 0 0 0 1.141341211
387 28601 2123 1 1 1 1 1 1 1 0 1 1 1 1 1 1 1 1 1 1 1 1 1 1 1.137048583
388 13084 367 1 0 0 0 1 0 1 0 0 1 0 0 0 0 1 0 0 0 1 0 1 1 1.121939552
389 18547 615 1 1 0 1 0 0 1 1 0 1 1 0 1 0 0 1 0 1 0 0 0 1 1.138955496
390 13987 565 0 1 1 0 1 0 1 0 1 0 0 1 0 0 0 0 1 0 0 1 0 0 1.120887247
391 19659 1053 1 0 0 0 0 0 1 1 0 0 0 1 1 1 1 1 0 1 1 0 1 1 1.118913977
392 28904 1750 1 1 1 0 1 1 0 1 1 1 1 1 0 1 1 0 1 0 1 1 0 1 1.138094321
393 21720 1905 1 1 0 1 1 0 1 0 1 1 1 0 1 1 1 1 1 0 0 1 0 1 1.18315508
394 20364 1234 1 1 1 1 1 0 0 1 1 0 0 1 0 0 0 0 1 1 0 1 1 0 1.152910153
395 29054 1726 1 1 1 1 1 0 1 1 1 1 1 1 1 0 0 1 1 0 1 1 1 1 1.104385181
396 18480 1013 1 1 1 1 0 0 0 1 1 1 0 0 1 0 0 0 1 0 1 0 0 1 1.168037561
397 26802 1924 0 1 1 1 1 1 1 1 1 1 1 1 1 1 1 1 1 0 1 1 1 0 1.127144094
398 3460 17 0 1 0 0 0 0 0 0 0 0 0 0 1 0 0 0 0 0 0 0 0 0 1.13645534
399 23096 2113 1 1 1 1 1 1 1 1 0 1 1 1 0 1 1 1 0 1 0 1 1 0 1.133005773
400 12574 554 1 0 1 0 1 0 0 0 0 1 1 0 0 0 0 0 1 0 0 0 0 1 1.182285629
401 24325 2819 0 1 1 1 1 1 1 1 1 1 1 1 1 1 1 1 0 1 1 1 1 1 1.162508865
402 25800 2217 1 1 1 0 1 1 1 1 1 0 1 0 1 1 0 1 1 1 1 1 1 1 1.141489014
403 27871 1347 1 0 1 0 0 1 1 1 1 1 1 0 1 1 0 1 1 0 1 1 1 1 1.118059892
404 26457 2080 0 1 1 1 1 1 1 1 1 1 1 1 1 1 0 1 1 1 0 1 1 1 1.164946646
405 5365 68 0 0 0 0 0 0 0 0 0 1 0 1 1 0 0 0 0 0 0 0 0 0 1.094345072
406 27618 1974 1 0 1 1 1 1 1 1 1 0 1 1 1 1 1 0 1 1 1 1 1 1 1.181732673
407 30146 1824 1 1 1 1 1 1 0 1 0 0 1 1 1 1 0 1 0 1 1 1 1 1 1.1336014
408 25056 2153 1 1 1 0 1 1 1 0 1 1 1 1 1 0 0 0 1 1 1 1 1 0 1.176223541
409 23109 1927 0 0 1 1 1 1 1 1 1 1 1 1 1 1 1 0 0 1 0 1 1 0 1.138309205
410 22160 1688 1 1 0 0 1 0 1 0 1 0 0 1 1 1 1 0 0 1 1 1 1 1 1.166461824
411 21982 1444 0 0 0 1 1 1 1 0 1 1 1 0 0 1 0 1 0 1 0 1 1 1 1.160755834
412 30419 2158 1 0 1 1 1 1 1 0 1 1 1 1 1 1 1 1 1 1 1 1 1 1 1.110928627
413 16836 547 0 0 1 0 0 1 0 0 0 1 1 0 1 0 1 1 0 0 0 0 0 1 1.140668127
414 25877 2172 1 1 1 1 1 0 1 1 1 0 0 1 1 1 1 1 1 1 0 1 1 1 1.127448487
415 20384 855 1 1 1 1 0 1 1 1 0 1 0 1 0 1 1 0 0 0 0 1 0 0 1.128322685
416 16727 972 0 0 0 1 1 1 0 1 1 1 1 0 1 0 0 0 0 0 1 1 0 0 1.125406226
417 26338 2283 1 1 1 1 1 1 1 1 1 1 1 1 1 1 1 0 1 1 1 0 1 1 1.146016011
418 21096 1169 0 1 0 1 1 0 1 1 1 1 1 0 1 1 1 1 0 0 1 0 0 1 1.178497662
419 22612 2107 1 1 0 1 1 1 1 1 1 1 1 1 1 1 1 1 1 1 1 1 1 1 1.2090895050000001
420 11750 268 1 0 0 1 0 0 1 0 1 0 0 0 0 0 1 0 1 0 1 0 0 0 1.123597245
421 16816 664 0 0 1 1 1 1 1 0 0 1 0 1 1 0 1 0 1 0 1 0 0 1 1.11589245
422 21302 1624 1 0 1 0 1 0 1 0 0 1 1 1 0 0 0 1 1 0 1 1 1 1 1.148673354
423 24729 1866 0 0 1 1 1 1 1 1 0 0 1 0 1 1 0 1 0 0 1 1 0 1 1.150003961
424 4049 60 0 1 0 0 0 0 0 0 0 0 0 0 0 0 0 0 0 1 0 0 1 1 1.099718026
425 22542 1320 1 1 1 1 1 1 0 0 0 1 1 1 1 1 1 1 0 0 0 0 1 0 1.132616154
426 11610 374 0 0 0 1 0 1 0 1 1 0 0 0 1 1 0 0 0 1 0 0 0 0 1.160040533
427 16198 737 0 1 0 1 1 1 0 0 1 0 0 1 0 0 0 1 1 0 1 1 0 0 1.092330585
428 23719 2749 1 0 1 1 1 1 1 1 1 1 1 1 1 1 1 1 1 1 1 1 1 1 1.102854476
429 23701 2012 1 1 1 0 0 1 1 1 1 1 1 0 1 1 1 1 1 0 1 1 0 1 1.169490429
430 25133 2324 1 1 1 1 1 1 0 0 0 1 1 1 1 1 1 0 1 1 1 1 1 0 1.154742318
431 20806 1151 1 0 0 0 1 0 0 1 1 0 1 0 0 0 1 1 1 1 1 0 1 1 1.1792398259999999
432 13882 454 1 0 1 0 0 0 1 0 0 1 0 0 1 0 1 0 1 0 0 1 0 0 1.140914666
433 29967 2033 1 1 1 1 1 0 1 1 1 1 1 1 0 1 1 1 0 1 1 1 1 1 1.161683648
434 11251 373 1 0 1 0 0 1 0 0 0 1 0 0 0 0 0 0 0 1 1 0 0 1 1.187559774
435 14526 877 0 1 0 0 0 0 1 0 1 1 1 0 0 1 0 1 0 1 0 0 0 0 1.149685713
436 19971 1524 1 1 0 0 0 1 1 1 1 1 0 1 1 1 0 1 1 0 1 1 0 1 1.087710918
437 19317 1570 1 0 1 1 1 0 0 1 0 0 1 1 0 1 1 1 1 0 0 1 0 1 1.156872607
438 20772 824 0 1 1 0 0 1 0 0 1 0 1 0 1 0 1 0 0 0 1 0 1 1 1.182847946
439 13101 638 0 1 0 1 1 0 1 0 0 0 1 1 0 0 1 0 0 0 0 0 1 0 1.138603891
440 26910 1966 0 1 1 1 1 1 1 1 0 1 1 1 1 0 0 1 0 1 1 1 1 1 1.167994556
441 16504 924 0 1 0 1 1 1 0 1 0 0 1 0 0 1 1 1 0 1 0 0 0 1 1.105429543
442 23443 2996 1 1 1 1 1 1 1 1 1 1 1 1 0 0 1 1 1 1 1 1 1 1 1.171080623
443 29038 1679 1 1 1 1 1 1 1 1 1 0 1 0 0 1 0 1 1 1 0 0 1 1 1.189454997
444 8510 238 1 0 0 0 0 0 1 0 1 0 0 0 1 0 0 0 1 0 0 0 1 0 1.095469381
445 19068 730 1 0 1 1 1 1 1 1 1 0 0 0 1 0 1 0 0 0 0 1 1 0 1.162815779
446 26680 2109 1 1 1 1 0 1 1 0 1 1 1 1 1 1 0 1 1 1 1 1 1 1 1.12984333
447 17055 727 1 0 0 0 1 1 1 0 0 0 1 0 1 1 1 1 0 0 0 0 1 0 1.14134715
448 26619 2486 1 1 1 1 0 1 1 1 1 1 1 1 1 1 1 1 1 1 1 1 1 0 1.17179753
449 30541 2022 1 1 1 1 1 1 1 0 0 1 1 1 1 1 1 1 1 1 1 1 1 1 1.174154336
450 33601 2413 1 1 1 1 1 1 1 1 1 1 1 1 1 1 1 1 1 0 1 1 1 1 1.14191272
451 13796 579 0 0 0 0 0 1 1 0 0 1 1 0 0 1 0 1 1 0 0 1 1 0 1.162942411
452 27460 1787 0 1 1 1 1 1 1 1 1 1 1 1 1 1 1 1 0 1 0 1 1 1 1.132712958
453 23223 1112 1 0 0 0 0 1 0 1 1 0 0 1 1 0 1 1 1 0 1 0 1 1 1.202179006
454 2340 59 0 0 0 0 0 0 0 0 0 0 0 0 0 0 0 1 0 0 0 0 0 0 1.101473224
455 12747 672 1 0 1 0 0 0 0 1 0 0 0 1 1 0 0 0 0 0 0 1 0 1 1.093830588
456 1382 74 0 0 0 0 1 1 0 0 0 0 0 0 0 0 0 0 0 0 0 0 0 0 1.11624152
457 16890 1035 0 1 0 0 1 0 1 0 0 1 1 0 0 0 1 1 0 1 1 0 0 0 1.125934584
458 17933 951 0 1 0 1 0 1 1 1 1 1 1 1 0 0 1 1 0 1 0 0 1 1 1.146632221
459 27695 2270 1 1 1 1 1 1 0 1 1 1 0 1 1 0 1 1 1 0 1 1 1 1 1.104162724
460 27403 1899 0 1 1 1 1 1 1 1 1 1 1 1 1 1 0 1 1 1 1 1 1 0 1.15035808
461 16617 920 1 0 1 1 1 0 0 0 0 0 1 1 0 1 1 1 0 0 0 0 0 0 1.154884683
462 27728 1577 1 1 0 1 0 1 1 0 1 0 1 0 1 1 1 1 0 1 1 0 1 1 1.142445327
463 24728 2764 1 1 1 1 1 1 1 1 1 1 0 1 1 1 1 1 1 1 1 1 1 1 1.19409699
464 21602 1096 0 1 1 1 1 1 1 0 0 1 0 0 0 1 1 0 1 1 1 0 1 1 1.145506704
465 14585 742 1 1 0 0 1 0 1 0 0 0 1 0 0 0 1 0 0 1 1 1 0 0 1.164491639
466 9200 326 0 0 0 1 1 0 1 1 0 0 0 0 0 1 0 0 1 0 0 0 0 0 1.146727307
467 24433 2330 1 1 0 1 1 1 1 1 1 1 1 1 1 0 1 1 1 1 1 1 1 1 1.159630289
468 30497 2429 1 1 1 1 1 1 1 1 0 0 1 1 1 1 1 1 1 1 1 1 1 1 1.136419784
469 7668 245 0 0 0 1 0 0 0 1 0 0 0 0 0 1 0 0 0 0 0 1 0 0 1.1370396170000001
470 27990 1664 1 1 1 0 1 0 1 1 1 0 1 0 1 1 1 0 1 1 1 1 1 1 1.13046062
471 9577 258 0 0 0 0 1 0 1 1 0 0 0 1 1 0 0 0 0 0 0 0 0 0 1.1263033789999999
472 14076 1013 1 0 0 1 0 1 1 0 0 0 1 0 1 0 1 1 1 1 0 0 1 0 1.11209651
473 21472 1249 0 0 1 1 0 0 0 1 1 0 0 0 1 1 1 1 1 1 1 1 1 1 1.148207259
474 15919 868 0 1 1 1 0 0 0 1 0 1 0 0 0 1 0 1 0 1 0 1 1 0 1.156847759
475 32670 2659 1 1 1 1 1 1 0 1 1 1 1 1 1 1 1 1 1 1 1 1 1 1 1.173671527
476 17864 900 1 1 1 0 1 0 1 0 0 1 0 1 0 0 1 1 0 1 0 0 1 1 1.156499908
477 28538 2299 1 0 0 1 1 1 1 1 1 1 1 1 0 1 1 0 1 1 1 1 0 1 1.157874787
478 22424 1197 1 0 1 1 0 0 1 1 0 1 0 0 1 1 0 1 0 0 1 1 0 1 1.110489471
479 10180 480 0 1 0 0 0 0 1 1 0 0 1 0 0 0 1 0 1 0 0 0 0 0 1.119877144
480 23233 1602 1 1 1 0 1 0 0 1 0 1 1 1 1 1 0 1 1 1 1 1 1 1 1.16035509
481 5071 107 0 0 0 0 0 0 0 0 0 0 0 0 0 1 0 0 1 1 0 0 0 0 1.124926409
482 25323 2356 0 0 1 1 1 0 1 1 1 1 1 1 1 0 1 1 0 1 1 0 0 1 1.142906529
483 17675 1472 1 1 1 1 1 0 1 1 0 0 1 0 1 1 0 1 0 0 1 0 1 1 1.170636212
484 24066 2252 1 1 1 0 1 1 1 0 1 1 0 0 1 1 1 1 0 1 1 1 1 0 1.185328202
485 25852 1509 1 1 1 0 1 0 0 0 0 0 1 1 1 1 1 1 1 1 1 1 0 1 1.127436259
486 28029 2752 1 1 1 1 1 1 0 1 1 1 1 1 1 1 1 1 1 0 1 0 1 1 1.128911332
487 23881 1486 1 1 0 1 1 0 1 0 1 1 1 1 1 1 1 1 1 0 0 0 1 0 1.152515368
488 23898 2129 1 1 1 0 1 0 0 1 1 1 0 1 1 1 1 1 1 1 0 1 1 1 1.128793218
489 20150 1048 1 0 0 0 1 1 0 1 1 1 1 0 1 1 1 1 0 1 1 1 0 0 1.075650662
490 29825 2249 0 1 1 1 1 1 1 0 1 1 1 1 1 1 1 1 1 1 0 1 1 0 1.180577277
491 9718 131 0 1 0 0 0 1 0 0 0 1 0 1 0 0 0 0 0 1 0 0 0 1 1.129821173
492 13960 314 0 0 1 0 1 0 1 1 1 1 0 0 0 0 0 1 0 0 0 1 0 0 1.165242089
493 19798 1145 1 0 1 1 0 1 0 1 0 0 0 1 0 0 1 0 1 1 1 0 1 1 1.118583706
494 9677 316 0 0 0 0 0 0 0 0 1 0 1 1 0 0 0 1 0 1 0 1 0 0 1.095570824
495 15781 583 0 0 0 0 1 1 1 1 0 0 0 1 0 1 1 0 0 0 1 0 0 1 1.150422994
496 26108 1976 1 1 1 1 0 1 0 1 1 1 1 1 1 1 1 0 1 0 1 1 1 1 1.114007187
497 19024 1041 1 1 1 0 0 0 1 1 0 1 1 0 0 0 0 1 1 1 1 0 0 1 1.1246792270000001
498 10505 240 0 0 0 0 0 1 1 0 0 0 0 1 0 1 0 0 0 0 1 1 1 0 1.133842268
499 11631 570 0 0 1 1 0 0 0 1 0 0 0 0 1 1 0 0 0 0 0 0 1 0 1.1538398810000001
500 15889 392 1 1 0 1 0 1 0 1 1 1 0 0 1 0 1 1 0 1 0 0 0 0 1.112309741
