1 13383 856 0 1 0 1 1 1 0 0 1 0 1 1 1 1 1 0.001045379
2 16649 919 1 1 1 0 1 1 1 1 1 0 0 1 0 1 1 0.00044341
3 16292 1267 0 0 0 1 1 1 0 1 1 1 1 1 1 0 1 0.001130821
4 7638 280 0 1 0 1 1 0 0 0 0 0 1 0 1 0 0 0.000761601
5 18175 1642 1 1 1 1 1 1 1 1 1 1 1 1 0 1 1 0.000214122
6 4823 213 1 0 0 1 0 0 0 0 0 1 0 0 0 0 0 0.000386836
7 19142 1325 1 1 1 1 0 0 1 1 1 1 1 1 1 0 1 0.000560819
8 20554 1643 1 1 1 1 1 1 1 1 1 1 1 1 1 0 1 0.000205087
9 19936 1711 1 0 1 1 1 1 1 1 1 1 1 1 1 1 1 0.000255891
10 18198 1828 1 1 1 1 1 1 1 1 1 1 1 1 1 1 0 0.000118493
11 7079 450 1 1 0 0 0 1 0 0 0 0 0 1 0 0 1 0.000855525
12 11960 827 1 1 0 0 1 1 0 1 0 0 1 1 1 0 0 0.001609822
13 17760 1280 1 1 1 1 1 1 0 0 1 0 1 1 1 1 1 0.000683984
14 14958 1065 1 1 1 0 0 1 1 0 1 1 1 1 1 1 1 0.000593973
15 633 9 0 0 0 0 0 0 0 0 0 0 0 0 1 0 0 0.000184366
16 13365 1183 1 1 1 0 1 1 1 0 0 0 1 0 1 0 1 0.000976445
17 6084 269 0 0 0 0 0 0 1 0 1 0 0 0 0 1 0 0.000539958
18 13735 1266 1 0 0 1 1 1 1 0 1 1 0 1 0 0 1 0.000552066
19 18478 1442 1 1 1 1 1 1 1 1 1 1 1 1 1 0 0 0.00019972
20 18705 1491 1 0 1 1 1 1 1 0 0 1 1 1 1 1 0 0.000455459
21 18689 1469 1 1 1 1 1 1 1 0 1 1 1 1 1 1 1 0.000284334
22 12365 458 0 1 1 0 0 1 1 1 0 0 1 1 0 0 1 0.001334679
23 16774 871 0 1 1 1 0 0 1 1 1 1 1 0 1 1 0 0.000894136
24 14864 922 1 1 1 1 0 1 1 1 1 0 0 1 0 0 1 0.000338961
25 13565 867 0 1 1 0 1 0 1 1 1 0 1 0 1 0 1 0.001063579
26 14756 552 1 0 1 0 0 1 0 0 1 1 1 1 1 1 1 0.00057628
27 10468 431 1 1 0 0 0 1 0 1 1 0 1 0 0 0 1 0.001076528
28 15738 1495 1 0 1 1 1 1 1 1 1 0 1 1 1 0 0 0.000380157
29 19972 1085 1 0 1 1 1 1 0 1 1 1 1 1 1 1 0 0.00030402
30 16148 1603 1 1 1 0 1 1 1 1 0 1 1 1 0 1 1 0.000215057
31 16020 1340 1 1 1 0 1 1 0 1 1 1 1 1 1 0 0 0.000433901
32 10617 405 0 0 0 1 0 0 0 0 1 0 1 0 1 1 1 0.00049343
33 0 0 0 0 0 0 0 0 0 0 0 0 0 0 0 0 0 0.00016354
34 17001 688 1 0 0 0 1 1 1 0 1 1 1 1 0 0 0 0.001376202
35 14872 659 0 0 1 0 0 1 1 1 1 0 0 1 1 1 1 0.00102604
36 10645 274 0 1 1 0 1 0 0 0 0 0 0 1 1 0 0 0.000584363
37 15789 782 0 1 0 1 0 0 1 1 0 1 1 0 1 1 1 0.000925925
38 8049 113 1 0 1 0 0 1 0 0 0 1 0 0 0 0 0 0.000336355
39 10259 490 1 1 1 0 0 0 0 1 1 1 0 0 0 1 0 0.001248214
40 18306 1229 1 1 1 0 0 0 0 1 1 1 1 1 1 1 1 0.000810233
41 17431 1411 1 1 1 1 1 1 1 1 1 1 1 0 1 0 1 0.000307791
42 9945 400 1 1 0 0 0 1 1 0 0 0 0 0 1 0 1 0.001069078
43 17653 1584 1 1 1 1 1 1 1 1 1 1 1 1 1 0 1 0.000136576
44 9670 650 0 0 0 0 0 0 0 1 1 0 0 1 1 1 0 0.001298673
45 9343 653 0 0 0 0 1 0 1 0 1 1 0 1 1 0 0 0.001512887
46 14049 1839 1 1 1 1 0 1 1 1 1 1 1 1 1 1 1 0.000212494
47 20707 1218 0 1 1 1 1 1 1 1 1 1 1 1 1 1 1 0.000243698
48 5814 236 1 0 0 0 0 0 0 1 0 0 0 1 0 0 0 0.000543576
49 16613 995 1 1 1 1 1 1 0 0 0 0 0 1 1 1 1 0.001839057
50 14306 1308 1 0 1 1 0 1 1 0 1 0 1 1 0 0 1 0.000841402
51 19732 1220 1 0 1 1 1 1 0 1 1 1 1 1 1 1 1 0.000362153
52 12958 907 1 1 0 0 1 0 0 1 0 1 1 0 0 1 1 0.001575419
53 12993 828 1 1 0 1 1 0 0 1 0 1 0 1 1 0 1 0.001013942
54 11330 543 0 0 1 0 0 1 0 0 0 1 1 1 0 0 1 0.001417685
55 17675 1120 1 0 1 1 1 1 1 1 1 0 0 0 1 1 0 0.000594284
56 16362 944 1 1 0 1 0 0 1 0 1 1 1 1 0 1 0 0.000749256
57 13005 1175 0 1 1 0 1 1 1 1 1 0 1 0 0 1 1 0.000868489
58 1926 175 0 0 1 0 0 0 0 0 0 0 0 0 0 0 0 0.000208498
59 2000 6 0 0 0 0 0 1 0 0 0 0 0 0 0 0 0 0.000148713
60 9365 592 1 0 0 1 0 1 0 1 0 0 0 1 0 1 0 0.001187652
61 15023 1374 1 1 1 1 1 1 1 1 0 1 1 1 1 0 1 0.000178013
62 21688 1534 1 1 1 1 1 1 1 1 1 1 1 1 1 1 0 0.000156018
63 7478 471 0 1 0 0 1 0 1 0 0 0 0 0 1 0 0 0.000838781
64 11989 1126 0 0 1 0 1 1 0 1 0 1 1 0 1 0 1 0.000826853
65 12577 715 0 0 1 1 1 0 0 1 1 1 1 0 0 1 1 0.001571484
66 4845 104 1 0 0 0 0 1 0 0 0 1 0 0 0 0 1 0.000193291
67 11439 827 0 1 1 1 0 0 1 0 0 1 0 0 1 0 1 0.001343144
68 15565 1054 1 1 1 1 0 0 0 1 0 1 1 0 1 0 0 0.001544444
69 9301 502 1 0 0 0 0 1 1 0 1 1 0 0 1 0 0 0.001221043
70 15262 1259 1 1 1 1 1 0 1 1 1 0 1 0 0 0 1 0.000678244
71 10735 650 1 0 1 1 0 0 0 0 1 1 0 0 0 1 1 0.001007906
72 14892 1177 1 0 1 1 1 1 0 0 1 1 0 1 1 0 1 0.000972448
73 12029 736 1 0 0 1 0 0 0 1 1 0 1 1 1 1 0 0.001293382
74 8464 374 1 0 0 0 0 1 1 0 0 0 1 1 0 1 0 0.000699445
75 8363 219 1 0 1 1 0 0 0 0 1 0 0 0 0 0 1 0.000921677
76 19868 1159 1 1 1 0 1 0 1 1 1 1 0 1 1 1 1 0.000311715
77 4268 156 0 0 0 1 0 0 0 0 0 0 0 1 1 0 0 0.000273415
78 17700 1592 1 1 1 1 1 1 1 1 1 1 0 1 1 1 1 0.000222824
79 17520 1879 1 1 0 1 1 1 1 1 1 1 1 1 1 0 1 0.000258446
80 9776 407 0 0 1 0 0 0 0 1 1 1 1 0 0 0 1 0.000876336
81 16423 1439 1 1 1 1 0 1 0 1 1 1 0 0 1 1 1 0.000416017
82 19080 1242 1 1 1 1 1 1 0 1 1 1 1 1 1 1 1 0.000286641
83 19264 1570 1 1 1 1 1 1 1 0 1 1 1 1 1 1 0 0.000913356
84 17301 1151 1 1 1 1 1 1 1 1 1 1 0 1 0 1 1 0.000157548
85 6301 227 1 0 0 0 0 0 0 1 0 0 0 0 1 0 1 0.000546753
86 4736 180 0 1 1 0 0 0 0 0 0 1 0 0 0 0 0 0.00031474
87 10517 383 1 1 0 0 1 0 1 0 0 1 0 1 0 1 0 0.001096372
88 18643 1411 1 1 1 1 1 1 1 1 0 1 1 1 1 1 1 0.000238859
89 17542 1779 1 1 0 1 1 1 0 1 0 1 1 1 0 1 1 0.00028255
90 12066 355 1 0 1 0 1 0 1 0 0 0 0 1 1 0 0 0.001084836
91 8185 253 1 1 0 0 0 0 1 0 1 1 0 0 0 0 0 0.000550125
92 15257 2036 1 1 0 1 1 1 1 1 1 1 1 1 1 1 1 0.00019346
93 8584 220 0 1 0 0 0 1 0 0 0 1 0 1 1 0 1 0.000438029
94 14760 643 0 0 0 1 1 1 1 1 0 1 1 0 1 1 1 0.000959751
95 18470 1192 1 1 1 1 0 0 0 1 0 1 1 1 1 0 1 0.001004177
96 15726 968 1 1 1 1 0 1 1 0 0 1 1 0 1 0 1 0.001304517
97 6817 357 0 0 1 0 0 1 1 0 0 0 0 0 1 1 1 0.000504237
98 9800 605 1 0 1 0 0 1 0 0 1 0 1 0 1 0 0 0.001052196
99 20414 979 1 1 1 1 0 1 1 1 1 1 0 0 1 0 0 0.00033608
100 16143 1113 0 1 1 1 1 1 1 1 1 0 0 0 1 1 1 0.000831436
101 17339 1664 1 1 1 1 1 0 1 1 0 1 1 0 0 1 1 0.000734125
102 24347 1295 1 1 1 1 1 1 1 0 1 1 1 1 1 1 1 0.000316313
103 7328 839 0 0 1 1 0 0 0 1 0 1 1 0 1 0 1 0.001264854
104 14938 1095 1 1 1 0 1 1 1 0 1 1 1 0 1 1 1 0.000506643
105 14899 1044 0 1 1 1 0 1 0 1 0 1 0 1 1 1 1 0.000675587
106 8780 389 0 1 1 0 1 1 0 1 0 0 0 0 0 1 0 0.000963153
107 2390 89 0 0 0 0 0 0 0 0 0 0 1 0 0 0 0 0.000253015
108 23281 1712 1 1 1 1 1 1 1 1 1 0 1 1 1 1 1 0.000234219
109 10604 488 0 0 1 0 1 1 0 1 0 0 0 0 0 1 1 0.000618695
110 13211 867 1 1 1 1 0 1 0 0 1 0 0 0 0 1 1 0.000621086
111 19936 1519 1 1 0 0 1 1 1 1 0 1 1 1 1 1 1 0.000400265
112 17118 1215 1 1 1 1 1 0 1 0 0 1 1 1 1 1 1 0.000472345
113 16532 1094 1 1 0 1 1 1 0 1 0 1 1 1 1 1 0 0.001075346
114 21987 2152 1 1 1 1 1 1 1 1 0 1 1 1 1 1 1 0.000235504
115 19123 1856 1 1 1 1 0 1 1 1 1 1 1 1 1 1 1 0.000350525
116 16775 1121 0 0 1 1 1 1 1 0 1 0 1 1 0 1 1 0.00127766
117 14266 744 1 1 1 1 0 1 1 1 0 0 1 0 0 0 0 0.000523271
118 15074 1299 1 0 0 1 1 1 1 0 1 1 1 1 1 1 1 0.000459253
119 11394 284 0 0 1 0 0 0 0 0 0 1 0 1 1 1 1 0.000575067
120 18162 1302 0 1 0 1 1 1 1 1 1 1 0 1 1 0 1 0.000465914
121 20020 1632 1 1 1 1 0 1 1 1 1 1 0 0 1 1 1 0.000261367
122 0 0 0 0 0 0 0 0 0 0 0 0 0 0 0 0 0 0.000199409
123 3475 132 0 0 0 0 0 0 0 0 1 1 0 0 0 0 0 0.000229173
124 21345 1434 1 0 1 0 1 1 1 1 0 1 1 1 1 1 1 0.000391849
125 16267 1224 1 1 1 0 0 1 1 1 1 1 0 0 1 1 1 0.000572006
126 15145 710 1 1 0 0 1 1 1 1 1 1 0 0 0 0 0 0.000849447
127 17632 2045 1 1 1 1 1 1 1 1 1 1 1 1 0 1 1 0.000236527
128 13490 1316 1 1 1 1 1 1 0 1 0 1 1 0 1 0 0 0.000488531
129 11035 1082 1 1 0 0 1 0 1 1 1 0 0 0 0 1 1 0.000738711
130 18327 1084 1 1 1 1 0 1 1 1 1 1 1 0 1 0 0 0.000515264
131 7866 297 1 0 0 1 1 0 0 1 0 0 0 0 1 0 0 0.000558074
132 13306 548 1 1 1 1 1 1 0 0 0 1 0 0 0 0 1 0.000772974
133 16547 894 1 1 1 0 1 1 1 1 0 0 0 1 0 1 1 0.000578168
134 4437 42 0 0 0 0 0 0 1 1 0 0 0 0 0 0 0 0.000187222
135 13198 977 1 1 1 1 0 1 0 0 1 0 1 1 1 1 1 0.000499159
136 16437 1579 1 1 1 1 1 1 1 1 1 0 0 1 1 1 1 0.00025336
137 3220 112 0 0 0 0 0 1 0 0 0 0 0 0 0 1 0 0.000332578
138 17999 1612 1 1 1 1 0 1 1 1 1 0 1 1 0 1 1 0.000344125
139 12560 702 1 1 0 1 1 0 0 1 1 0 0 1 0 1 0 0.000830029
140 3286 171 0 0 0 0 0 0 0 0 0 0 1 1 0 0 1 0.000283572
141 7915 192 0 0 0 0 0 1 1 1 0 0 1 1 1 0 0 0.000427672
142 15829 532 1 1 0 1 1 1 1 0 1 0 0 1 1 1 0 0.000590373
143 4392 146 0 0 0 1 1 1 0 0 0 0 0 0 0 1 1 0.000268752
144 13310 524 0 1 0 0 0 1 1 1 1 1 0 0 1 1 1 0.000609214
145 16262 842 1 1 1 0 1 1 1 0 0 0 1 0 1 0 1 0.001016908
146 18832 1133 1 1 0 1 1 1 1 1 0 1 1 1 0 1 1 0.000511906
147 16020 1065 0 1 1 1 1 0 1 0 0 0 1 1 1 1 1 0.000534682
148 17985 1749 1 1 1 1 1 0 1 1 1 0 1 1 1 1 0 0.000348936
149 9785 555 0 0 0 1 0 1 1 1 1 0 0 0 1 1 0 0.000990237
150 13653 1459 1 1 1 1 1 1 1 1 1 1 1 0 1 1 0 0.00032695
151 1427 47 0 0 1 0 0 0 0 0 0 0 0 0 0 0 0 0.000192373
152 13036 653 0 1 0 0 0 1 0 1 1 1 0 0 1 1 0 0.000750058
153 14377 550 0 1 1 1 1 1 1 0 1 0 0 0 0 0 0 0.001334516
154 13185 670 1 0 0 1 1 1 0 1 0 0 0 0 1 1 1 0.000829939
155 4662 133 1 0 0 0 1 1 0 0 0 0 0 1 0 0 1 0.000351694
156 16569 1266 1 1 1 0 1 1 1 1 1 1 0 1 1 0 1 0.00025945
157 17977 1531 0 1 1 0 1 1 1 1 1 1 1 1 1 1 1 0.000351111
158 10533 464 0 1 0 0 1 0 0 1 0 1 0 1 0 1 1 0.001318316
159 11394 354 0 1 0 1 0 0 0 0 0 1 1 0 1 1 0 0.000637261
160 15581 1471 1 1 0 1 1 1 1 1 1 0 1 1 1 0 1 0.000528265
161 14069 698 1 1 0 1 1 0 0 0 0 1 1 1 0 0 1 0.000952663
162 11804 584 1 0 0 1 0 0 0 1 1 1 0 0 0 0 1 0.000912024
163 8296 411 1 0 1 0 0 0 0 1 1 0 0 0 0 0 1 0.00047952
164 9085 661 0 0 1 0 0 1 0 0 0 1 1 0 0 0 1 0.001552799
165 13687 1334 1 1 1 0 1 1 1 1 0 1 1 1 1 1 1 0.000397433
166 12304 434 1 1 0 0 0 1 0 0 0 1 0 1 0 1 0 0.000620026
167 20819 1703 0 0 1 1 1 1 1 1 1 1 1 1 1 1 0 0.000311046
168 2775 29 0 0 0 0 0 0 0 0 0 0 0 0 1 0 1 0.000253277
169 19110 1361 1 1 1 0 1 0 1 0 1 1 1 1 1 0 1 0.000443659
170 13083 620 0 0 0 1 1 1 1 1 1 1 0 0 0 1 1 0.00100766
171 6994 210 1 0 0 0 0 1 1 0 1 0 0 0 1 0 0 0.000590551
172 16108 1088 1 0 1 1 1 1 1 1 1 1 1 1 1 1 1 0.000372461
173 19348 1251 0 1 1 0 1 1 0 1 1 1 1 1 1 1 1 0.000377439
174 18571 1087 1 1 0 1 1 1 0 1 1 1 0 1 1 1 1 0.000487456
175 16561 1235 1 1 1 1 1 1 1 0 0 1 1 1 0 1 0 0.000681116
176 15478 1162 1 1 1 1 0 1 1 1 1 0 1 1 0 1 0 0.000875849
177 8217 310 0 1 0 1 1 1 0 0 1 0 0 0 1 0 0 0.000487255
178 15713 995 1 1 1 1 1 1 1 1 0 1 1 1 1 0 1 0.000238199
179 7053 473 0 0 0 1 0 0 0 0 1 1 1 0 0 0 0 0.000931342
180 12637 1117 1 1 0 0 1 1 0 1 1 0 1 1 1 1 1 0.001243501
181 9056 417 0 0 0 1 1 1 1 0 0 1 0 0 0 0 1 0.000641229
182 14687 751 1 0 1 0 0 0 1 1 1 1 1 1 1 1 1 0.000585738
183 6166 263 0 1 1 0 1 0 0 0 0 0 0 0 0 0 0 0.000588834
184 13397 1084 1 1 1 1 0 1 0 0 1 1 1 0 1 1 1 0.001057244
185 9293 575 1 1 0 0 0 1 0 1 0 0 1 0 0 0 1 0.001147774
186 15526 1037 1 0 1 1 1 1 0 1 1 0 1 1 1 1 1 0.000496608
187 13033 412 1 1 0 1 0 0 0 1 1 0 0 1 1 0 0 0.000592304
188 21645 1426 1 1 1 0 1 1 0 1 1 1 1 1 1 1 1 0.00031198
189 20523 1948 1 1 1 1 1 1 1 1 1 0 1 1 1 1 1 0.000179016
190 15391 1958 1 1 1 1 1 1 1 1 1 0 1 1 1 1 1 0.000479596
191 12889 1018 1 1 1 1 1 0 0 0 1 0 0 1 1 0 1 0.000880212
192 10947 483 0 0 0 1 1 0 0 0 1 0 1 1 1 0 1 0.000894082
193 17315 995 1 1 0 1 0 1 0 1 1 1 0 1 1 1 1 0.000588665
194 17065 1467 1 0 1 1 1 1 1 1 1 1 1 1 1 1 1 0.00041267
195 15401 840 1 1 1 1 0 1 1 0 1 1 1 1 1 1 1 0.000493143
196 14957 841 0 1 0 1 0 0 1 1 1 1 0 1 1 0 1 0.001387667
197 9796 358 1 0 1 0 0 0 0 0 1 0 0 1 0 1 0 0.000672293
198 7728 164 0 1 0 1 0 1 0 0 0 0 1 0 1 0 0 0.000361682
199 16316 1280 1 1 0 0 1 1 1 1 0 1 1 1 0 1 1 0.000515317
200 22810 1550 1 1 0 1 1 1 1 1 1 1 1 1 1 1 1 0.000359419
201 7626 357 0 0 0 1 1 1 0 0 0 0 0 0 0 1 0 0.000828488
202 11020 429 1 1 0 1 0 1 0 0 1 0 1 1 0 0 0 0.000736044
203 17315 1586 1 1 0 1 1 1 1 1 1 1 1 1 1 1 1 0.000241022
204 16962 1517 1 1 0 1 1 1 1 1 1 0 1 1 1 1 1 0.000178428
205 12286 1059 1 1 1 1 0 1 1 0 0 0 1 1 0 1 1 0.001001148
206 15246 1075 0 0 1 1 0 0 1 1 0 1 1 1 1 1 1 0.000903938
207 9971 486 1 1 1 1 1 1 0 0 0 1 0 0 0 0 1 0.00045806
208 17115 973 1 1 1 1 0 1 1 0 1 1 0 0 1 0 0 0.000328063
209 9031 348 1 1 0 1 1 1 1 0 0 1 0 1 0 0 0 0.001634724
210 5985 125 1 0 0 0 0 0 1 1 1 0 0 0 0 0 0 0.000395813
211 12279 891 0 1 1 1 0 0 1 0 1 1 0 0 0 1 0 0.001178732
212 13221 716 1 1 1 1 0 0 0 0 1 0 0 1 1 0 1 0.001326993
213 11725 827 1 0 1 1 0 1 0 0 1 0 1 1 0 0 0 0.001637587
214 21292 1665 1 1 0 1 1 1 0 1 1 1 1 1 0 1 1 0.000335846
215 17970 776 1 1 1 0 0 1 1 1 1 0 0 1 1 0 1 0.000702421
216 15436 1292 1 0 1 1 0 0 1 1 1 1 1 1 1 1 1 0.000443118
217 11138 434 1 0 0 1 1 0 0 0 0 1 0 0 1 0 1 0.00082528
218 8222 334 1 0 0 1 0 1 0 0 0 1 0 1 0 1 0 0.000573629
219 18674 824 1 1 1 1 1 1 0 1 1 1 1 1 0 0 1 0.000454058
220 21144 1134 1 1 1 0 1 0 1 1 1 1 1 1 1 1 1 0.000433292
221 18649 1887 1 1 1 1 1 1 1 1 1 0 1 1 1 1 1 0.000217366
222 17496 1446 0 1 0 1 1 0 1 1 1 1 1 1 1 1 0 0.000543313
223 13553 532 1 0 1 0 0 1 1 1 0 1 0 1 1 1 0 0.00076242
224 4496 65 0 0 0 0 0 0 1 0 0 0 1 0 0 0 0 0.000140978
225 19544 1655 1 1 1 0 1 1 0 1 1 1 1 1 1 1 1 0.000312104
226 14087 1976 1 1 1 1 1 1 1 0 1 0 1 1 1 1 1 0.000212681
227 14215 1522 1 1 1 1 0 1 0 1 1 1 1 1 1 1 1 0.000379954
228 11239 727 1 0 0 1 0 1 0 0 0 1 1 1 1 0 1 0.001623379
229 16060 1965 1 1 1 1 1 1 0 1 1 0 1 1 1 1 1 0.000327262
230 2326 109 0 0 0 0 0 0 0 0 0 0 0 0 0 1 0 0.000161449
231 12498 562 0 0 0 0 1 1 1 1 0 0 0 1 1 1 1 0.000921183
232 18621 1110 0 1 1 0 0 0 1 1 0 1 1 1 1 1 1 0.000998618
233 11250 1640 1 0 1 1 1 1 0 1 1 0 1 1 0 1 1 0.000530506
234 16863 1427 1 1 1 1 0 1 0 1 0 1 0 1 1 1 1 0.00052578
235 12695 705 1 1 0 0 1 0 0 0 0 1 1 0 1 1 1 0.001405349
236 18585 1207 1 1 1 1 1 1 1 1 1 1 0 1 1 1 1 0.000304362
237 2106 19 0 0 0 0 0 0 0 0 0 1 0 0 0 0 0 0.000189298
238 16830 1466 1 1 1 1 1 1 1 1 0 0 1 1 1 1 1 0.000408351
239 507 33 0 1 0 0 0 0 0 0 0 0 0 0 0 0 0 0.000213461
240 13378 565 1 1 0 1 0 1 0 1 1 1 1 0 0 1 0 0.000982839
241 4909 125 1 0 0 0 0 0 0 1 1 0 0 0 0 0 0 0.000283409
242 1630 47 0 0 0 0 0 0 0 0 0 0 0 0 0 0 1 0.000268249
243 14213 858 1 1 1 1 0 0 1 0 0 0 1 1 1 0 1 0.001464449
244 8541 527 0 0 1 0 1 0 1 0 0 1 1 1 1 1 0 0.000826558
245 11642 1946 1 1 1 1 1 1 1 1 1 1 1 0 1 1 1 0.000190927
246 23596 992 1 0 1 0 1 1 1 1 1 1 1 1 0 1 1 0.000356425
247 13556 642 1 0 1 1 1 0 0 0 1 1 0 0 1 1 0 0.001018743
248 16789 1680 1 1 1 0 1 1 1 1 1 1 1 1 1 1 1 0.000210692
249 13345 1521 1 1 1 1 1 1 0 1 1 1 0 1 0 1 1 0.000213345
250 19272 1321 1 1 1 1 1 1 1 0 1 1 1 0 1 1 1 0.00043462
251 16040 1461 1 0 1 1 1 1 1 1 1 1 1 1 1 1 1 0.000251087
252 12367 964 0 1 0 1 1 0 1 1 0 1 0 0 1 1 0 0.000951122
253 12367 1327 1 1 1 1 1 1 1 0 1 1 1 0 1 1 1 0.000233364
254 10550 389 0 1 1 1 0 0 1 0 0 1 1 0 0 1 0 0.001079836
255 16652 1236 1 0 1 1 1 0 1 1 0 1 0 1 1 0 1 0.001138686
256 18125 963 1 1 1 1 1 0 0 1 1 1 0 1 1 1 1 0.000441297
257 12065 642 0 1 1 1 1 0 1 1 1 1 1 0 1 1 0 0.000508189
258 19787 1700 1 1 1 1 0 1 1 1 1 1 1 1 1 1 1 0.000303122
259 9993 398 0 0 0 1 0 1 1 1 0 0 1 1 0 0 1 0.00059527
260 8533 255 0 0 0 0 1 0 0 1 0 0 1 0 0 0 1 0.000546284
261 20102 1629 1 1 1 1 1 1 1 1 1 1 1 1 0 0 1 0.000214712
262 3735 35 0 0 0 0 0 0 0 0 1 0 0 0 0 0 1 0.000264866
263 15911 1063 0 1 1 1 1 1 1 1 0 0 1 1 0 0 1 0.001023877
264 5347 424 1 1 0 0 1 0 0 0 1 1 0 0 0 0 0 0.000886174
265 9338 900 1 0 0 1 0 1 1 1 0 1 0 1 0 1 0 0.000720899
266 18933 1782 0 1 1 1 1 1 1 1 1 1 1 1 1 1 1 0.000216332
267 11595 427 1 0 0 1 0 0 1 0 1 0 1 0 0 0 1 0.000963919
268 6500 383 1 0 1 0 0 1 0 0 0 0 1 0 0 0 1 0.000649233
269 16025 1220 1 1 1 1 1 1 1 1 0 0 0 0 1 0 1 0.000395826
270 19454 1545 1 1 1 1 1 1 1 1 1 1 1 1 1 1 0 0.000214826
271 15354 1852 1 1 1 1 1 1 1 1 0 1 1 0 1 1 1 0.000272873
272 18458 1749 1 0 1 1 1 1 1 1 1 1 1 1 1 1 1 0.000283522
273 18824 1687 1 0 1 1 0 1 1 1 1 1 1 1 1 1 1 0.000256676
274 6352 55 0 0 0 0 0 0 1 0 0 0 0 1 1 0 0 0.000321212
275 11143 806 1 1 0 1 1 1 1 0 1 0 0 0 0 1 0 0.000773959
276 22233 1387 1 1 1 1 1 1 0 1 1 1 1 1 1 1 1 0.000195074
277 15858 1427 1 1 1 1 1 1 1 1 1 1 1 0 1 0 1 0.000219597
278 18149 1295 1 0 1 1 1 1 0 1 1 0 1 1 1 0 1 0.000338711
279 9986 467 1 1 0 0 0 0 0 0 1 1 1 1 0 0 1 0.000710731
280 22469 1507 1 1 1 1 1 1 1 1 1 1 0 1 0 1 1 0.000239064
281 15534 1186 0 1 1 1 1 1 1 1 1 1 1 1 1 1 1 0.000156254
282 17136 1080 1 1 0 1 0 1 1 0 1 0 1 1 1 1 0 0.001348004
283 14404 734 1 0 0 1 0 1 1 1 1 0 1 0 0 1 1 0.000824034
284 9120 1096 1 1 1 1 1 0 1 1 0 1 0 1 1 0 0 0.000685842
285 8336 372 1 0 0 1 0 0 0 0 0 0 1 0 1 1 0 0.001063292
286 19612 1314 1 1 1 0 1 1 1 1 1 1 1 1 1 1 1 0.000339639
287 17244 698 1 1 0 1 1 1 1 1 1 1 0 1 1 0 1 0.000718989
288 17499 1604 1 1 1 1 1 1 1 1 0 0 1 1 1 1 1 0.000302777
289 16460 1140 1 1 1 1 0 1 1 1 1 0 1 1 1 0 1 0.000296151
290 17688 916 1 1 1 1 0 1 1 1 0 1 1 1 1 1 1 0.000441867
291 3542 116 0 0 0 0 0 0 0 0 0 1 0 0 0 1 0 0.000167583
292 14234 1432 1 1 1 1 0 1 1 1 1 0 1 1 0 1 1 0.000316197
293 19570 1161 1 1 0 1 1 0 1 1 1 1 1 0 1 1 1 0.000473307
294 17331 1558 1 0 1 1 1 1 1 1 1 0 1 1 1 1 0 0.000440182
295 25129 1524 1 1 1 1 1 1 1 1 1 1 0 1 1 1 1 0.00029282
296 7077 464 0 0 0 1 0 1 1 0 0 0 0 0 0 0 1 0.000520615
297 11848 127 1 1 0 1 1 0 0 0 1 1 0 1 0 0 1 0.000496723
298 15974 1527 1 1 1 1 1 1 1 1 1 1 1 0 1 1 1 0.000259195
299 17606 1416 1 1 1 0 1 1 1 1 1 1 1 1 1 1 1 0.000223226
300 9819 342 1 0 1 0 1 1 0 1 0 0 0 0 0 1 0 0.000450461
301 6634 604 1 1 0 1 0 0 0 0 0 0 0 1 0 1 0 0.001704777
302 4742 127 0 1 0 0 0 1 0 0 0 0 0 0 0 0 0 0.000744074
303 0 0 0 0 0 0 0 0 0 0 0 0 0 0 0 0 0 0.00016958
304 16437 860 1 1 1 1 1 1 1 0 1 0 0 0 1 0 1 0.001131663
305 18449 1567 1 1 1 1 1 1 0 1 1 1 1 1 1 1 1 0.000205588
306 21261 1811 1 1 1 1 0 1 1 1 1 1 1 1 1 1 1 0.000276229
307 7185 146 0 1 1 0 0 0 0 1 1 1 0 0 0 1 1 0.000346453
308 19712 1397 1 1 1 1 1 1 1 1 0 1 1 1 1 1 1 0.000326053
309 14719 1187 1 0 1 1 1 0 0 0 1 0 1 1 0 1 1 0.001200839
310 8550 466 0 0 0 0 0 0 1 1 1 1 0 1 0 0 1 0.001076529
311 19873 1206 0 1 1 1 1 1 0 1 1 1 1 1 1 1 0 0.000540799
312 13122 907 0 1 1 1 1 1 0 0 1 0 0 1 0 1 1 0.000646157
313 6751 496 1 1 0 0 0 0 1 0 0 0 0 0 0 0 1 0.000662656
314 15347 1756 1 0 1 1 1 1 1 1 1 1 1 1 0 1 0 0.000264686
315 11644 727 0 1 0 0 0 1 0 1 1 1 0 1 1 0 1 0.002017159
316 4397 123 0 0 0 0 0 0 0 1 0 0 0 0 0 1 0 0.000304552
317 13687 724 0 1 0 0 1 1 1 0 1 1 0 0 0 1 1 0.000835725
318 18496 1249 0 1 1 1 1 0 0 1 1 1 0 1 1 1 1 0.000729978
319 6807 539 0 0 0 0 0 0 0 0 1 0 1 1 1 0 1 0.000715087
320 9150 484 1 1 0 1 0 1 1 0 1 0 0 0 1 0 0 0.001426344
321 13264 1142 0 0 1 1 1 1 1 1 1 0 0 1 0 1 1 0.000739714
322 19213 1328 1 1 0 1 1 1 1 1 1 1 1 1 1 1 1 0.000385448
323 12870 485 1 0 1 0 1 1 0 1 0 1 1 0 0 1 1 0.001287454
324 16317 984 1 1 1 1 0 1 1 0 0 0 1 0 1 1 0 0.000717522
325 13695 870 1 0 0 1 0 0 0 1 1 1 1 0 1 1 0 0.000754714
326 17830 860 1 1 0 1 1 0 1 0 1 1 1 1 0 0 1 0.001226588
327 15907 1291 1 1 0 1 0 0 1 1 1 0 0 0 1 1 1 0.001914166
328 17675 1985 1 1 0 1 1 1 1 1 1 1 1 1 1 1 1 0.000266933
329 14915 535 1 0 1 1 1 1 1 0 0 1 0 1 0 0 0 0.000617478
330 9330 185 0 0 0 0 0 0 1 1 0 0 0 0 1 1 1 0.000209031
331 16661 1048 1 0 0 0 1 1 1 1 1 0 1 1 1 0 0 0.000971267
332 11044 821 0 0 1 1 0 1 1 0 0 0 0 1 1 0 1 0.001110596
333 20273 1201 0 1 1 1 1 1 1 1 1 0 1 1 1 1 1 0.000319031
334 11676 664 0 1 1 1 1 0 0 1 0 0 1 0 0 1 0 0.001032133
335 20009 1486 0 1 1 1 1 1 1 1 1 1 1 1 1 1 0 0.000341215
336 16027 897 0 1 1 1 1 1 0 0 0 1 1 0 0 1 1 0.001122136
337 17635 1130 1 0 0 1 1 1 1 1 0 1 1 1 1 0 1 0.000623389
338 17045 2034 1 1 0 1 1 1 1 1 1 1 1 0 1 1 1 0.000185021
339 13366 730 0 1 1 1 1 1 0 1 1 1 0 0 0 0 0 0.001457066
340 9838 327 0 0 0 1 1 1 0 1 0 0 0 1 0 0 0 0.001011741
341 4929 176 1 1 0 0 0 0 0 0 0 0 0 0 1 0 0 0.000461148
342 12976 1151 1 1 1 1 0 0 0 1 1 0 0 1 1 1 1 0.000826456
343 18281 1456 1 1 1 1 1 0 1 1 1 1 1 1 1 1 1 0.00036494
344 18162 1541 0 1 1 1 1 1 0 1 1 1 1 0 1 0 1 0.000592331
345 8043 409 0 0 1 1 0 0 0 1 0 0 0 0 0 1 1 0.001063258
346 13636 1299 0 1 1 0 1 1 1 0 1 1 1 1 1 1 1 0.00040666
347 16157 1344 0 1 0 1 1 1 1 0 1 0 1 1 0 1 1 0.000520159
348 14326 1289 0 1 1 1 1 1 1 1 1 1 0 0 0 1 1 0.000284118
349 12068 754 1 1 0 0 0 1 1 1 1 0 0 0 0 1 1 0.001092522
350 20075 2040 0 1 1 1 1 1 1 1 1 1 1 1 1 1 1 0.000229727
351 16068 1231 0 0 1 1 1 1 1 0 0 0 1 1 1 1 1 0.000932668
352 15236 1010 0 0 1 0 1 0 1 1 1 1 1 0 1 1 1 0.001487719
353 15568 628 1 0 0 1 1 1 0 0 1 1 0 0 1 1 1 0.000951493
354 15249 1298 0 1 1 0 1 1 1 1 0 0 0 1 1 1 0 0.001682893
355 13282 838 0 1 1 1 0 1 0 1 0 1 1 0 0 1 1 0.000856426
356 19532 1543 1 1 1 1 1 1 1 0 1 1 1 1 0 1 1 0.000303507
357 2015 63 0 0 0 0 0 0 0 0 0 0 1 0 0 0 0 0.000218425
358 6229 404 0 0 0 0 0 1 0 0 1 0 0 0 1 0 0 0.000685333
359 18106 1351 1 1 1 1 1 0 1 1 1 1 1 0 0 1 1 0.000351676
360 19713 1991 1 1 1 1 1 1 0 1 1 1 1 1 1 1 1 0.000235585
361 17268 1587 1 1 0 0 1 1 1 1 1 0 1 1 1 1 1 0.000381667
362 16531 1367 0 0 1 1 1 0 1 1 1 1 1 0 1 0 1 0.000553037
363 21932 1219 0 0 1 1 1 1 1 1 1 1 1 1 1 1 1 0.000347767
364 5147 105 0 0 0 1 0 0 0 0 1 0 0 1 0 1 0 0.000284792
365 20665 1875 1 1 1 1 1 1 1 1 1 0 1 1 1 1 1 0.000313061
366 11593 516 1 1 0 1 0 0 1 0 1 0 1 0 0 0 1 0.000877975
367 5070 236 0 0 0 1 1 0 1 0 0 0 0 1 0 0 0 0.000470322
368 12196 641 1 1 1 0 1 1 1 1 1 1 0 1 0 0 1 0.000600818
369 21623 1640 1 1 1 0 1 1 1 0 1 1 1 1 1 1 1 0.000307249
370 12988 377 0 1 0 0 1 0 1 1 1 0 1 0 0 0 1 0.000890862
371 6057 199 0 0 0 0 1 0 1 0 0 1 0 0 0 0 0 0.000548378
372 10122 697 1 0 1 0 1 0 0 1 1 0 1 0 1 0 1 0.001625178
373 7545 90 0 0 0 0 0 1 1 1 0 0 0 1 0 0 0 0.000229003
374 14693 699 0 1 0 0 1 1 1 1 1 0 0 0 0 0 1 0.001417509
375 16908 1356 1 1 1 1 1 1 1 1 1 0 1 1 1 1 0 0.000216825
376 20454 1494 1 1 1 1 1 1 1 0 1 1 1 1 0 1 1 0.000205926
377 7407 111 0 0 0 0 0 0 1 1 0 0 0 0 1 1 0 0.000239657
378 17584 455 1 0 1 1 1 1 1 1 1 1 0 1 0 1 1 0.000977724
379 23457 1850 1 1 1 1 1 1 1 1 0 1 1 1 1 1 1 0.000246298
380 12671 1339 1 1 1 0 0 0 1 1 1 1 0 1 0 1 1 0.001150786
381 14633 860 1 1 1 0 0 1 0 0 1 1 1 0 0 1 1 0.000539693
382 15550 1094 0 1 1 1 1 1 0 1 0 1 0 1 1 1 1 0.00071529
383 16747 1860 0 1 1 1 1 0 1 1 0 1 1 1 1 1 1 0.000359018
384 15594 1814 0 1 1 0 1 1 1 1 1 1 1 1 1 1 1 0.00014895
385 6808 273 0 1 0 0 0 0 0 1 0 1 0 0 0 0 1 0.000980842
386 12707 512 1 1 0 1 1 0 0 0 1 1 1 1 0 0 1 0.000642015
387 18302 1770 1 1 1 1 1 1 1 1 1 1 1 1 0 1 1 0.000239528
388 4437 61 0 0 0 0 0 0 0 0 0 0 0 0 1 0 1 0.00023184
389 14874 856 0 0 1 1 1 1 0 1 0 0 0 1 1 1 1 0.001254695
390 11759 752 0 0 1 1 0 0 0 1 1 0 1 0 1 0 1 0.002059105
391 10116 533 0 1 0 0 1 0 1 0 0 1 1 0 0 0 0 0.001129591
392 18298 1775 1 1 1 1 1 1 1 1 1 1 0 1 1 1 1 0.000423199
393 18416 1898 1 1 1 1 1 1 1 1 1 1 1 1 1 0 1 0.000142774
394 14135 538 1 0 1 0 1 0 1 0 1 1 1 0 0 1 0 0.00048192
395 12562 913 1 0 1 0 0 0 1 1 1 0 1 0 1 0 1 0.001112499
396 12360 499 1 1 1 0 0 0 1 1 1 0 0 1 1 1 0 0.000559139
397 6970 317 1 0 1 0 0 0 1 0 0 0 0 1 0 0 0 0.000561804
398 5443 410 0 1 0 0 1 0 0 0 1 0 1 0 0 0 0 0.000535008
399 15352 1549 1 1 1 1 0 1 1 1 1 1 1 1 1 0 1 0.000235903
400 13318 919 0 1 0 0 1 1 0 1 1 0 1 0 1 1 1 0.0013425
401 17475 1337 1 1 1 0 0 1 1 1 1 1 1 0 1 0 1 0.000374063
402 18128 1735 1 1 1 1 1 0 1 1 1 1 1 1 1 1 1 0.000273775
403 3941 43 0 0 0 0 0 0 0 0 1 0 1 0 0 0 0 0.000131196
404 4466 218 0 0 0 0 0 0 1 0 1 0 0 0 0 0 0 0.00024058
405 14818 929 1 1 0 1 0 1 0 1 0 1 1 0 1 1 0 0.000541347
406 16573 1507 1 1 1 1 1 1 0 1 1 1 1 1 1 1 0 0.000327103
407 15337 1506 1 0 1 1 1 0 1 1 1 0 1 1 1 1 1 0.000443712
408 13835 585 0 0 0 0 1 1 1 1 1 0 1 1 0 0 0 0.000653247
409 9887 352 0 0 0 0 1 0 1 1 1 0 1 1 0 1 0 0.000688757
410 22314 1327 1 1 1 1 1 1 1 1 1 1 1 1 0 1 1 0.000238413
411 7111 537 1 0 0 1 0 0 0 0 0 0 0 1 0 1 0 0.00104074
412 21921 1319 1 1 1 1 1 1 1 1 0 0 1 1 1 1 1 0.00036738
413 22963 1377 1 1 1 1 0 1 1 1 1 1 1 1 1 1 1 0.000231659
414 12188 527 0 0 0 1 0 0 0 1 1 1 0 1 1 1 1 0.000862585
415 16696 727 1 1 0 1 1 1 1 0 1 0 1 0 1 0 1 0.000600468
416 20819 1097 0 1 1 1 0 1 1 1 1 1 1 1 1 1 0 0.000287315
417 11500 610 1 1 0 1 0 1 0 1 1 0 0 0 1 0 1 0.001669393
418 14531 766 1 0 1 1 0 1 1 0 0 1 1 0 0 1 1 0.000686666
419 9366 539 0 0 0 1 1 1 0 0 0 0 1 1 0 0 0 0.001279585
420 12810 1129 1 1 1 1 1 0 0 1 1 1 0 0 1 1 0 0.001083212
421 17584 1618 1 1 1 1 0 1 1 1 1 1 1 1 1 1 1 0.000195324
422 12136 552 1 0 1 0 0 0 0 1 1 1 1 0 0 1 0 0.001642671
423 6968 262 0 1 0 1 0 0 0 1 0 1 0 0 0 0 1 0.000762563
424 17520 1736 1 1 1 1 1 1 1 0 1 1 1 1 1 1 1 0.000242746
425 10751 454 1 0 1 0 0 0 0 0 0 1 1 1 1 0 0 0.000789305
426 10538 572 0 1 1 0 0 0 0 0 1 0 1 1 1 1 0 0.001112303
427 18486 1083 1 1 0 1 1 1 1 1 1 1 0 1 0 1 0 0.000868519
428 7841 482 0 1 1 0 1 1 0 0 0 1 0 0 0 1 1 0.001345421
429 10393 825 0 0 1 1 0 0 0 0 0 0 1 0 1 1 1 0.002052336
430 17476 550 1 1 1 0 1 1 0 1 0 1 0 1 1 1 0 0.000991147
431 18015 1424 0 1 1 1 1 1 1 1 1 1 1 1 1 0 1 0.000268732
432 14046 1247 0 1 1 1 0 0 1 1 0 0 0 1 0 1 1 0.000892061
433 7212 59 0 0 0 0 1 0 1 0 0 0 1 0 1 0 0 0.000281059
434 17656 1300 1 1 1 1 0 1 1 1 1 0 0 1 1 0 1 0.000638008
435 9233 616 0 0 0 0 1 1 0 1 0 1 1 1 0 1 0 0.001683863
436 12937 811 1 1 0 1 0 1 1 0 1 1 0 1 1 0 0 0.000837715
437 17946 2125 1 1 1 1 1 1 1 1 1 1 0 1 1 1 1 0.000200865
438 15066 1528 1 1 1 1 1 1 1 0 1 1 1 1 1 1 1 0.000278213
439 13111 697 0 0 1 0 1 1 0 1 1 1 1 1 0 0 1 0.000797977
440 11868 881 0 1 0 1 1 1 0 0 1 0 1 1 0 0 1 0.001674724
441 18215 1638 1 1 1 1 0 1 1 1 1 1 1 1 0 1 1 0.000307769
442 12610 1116 1 1 1 1 0 1 1 1 0 1 0 0 1 1 0 0.00058335
443 17975 1722 1 1 1 1 0 1 1 1 1 1 1 1 1 1 1 0.000201727
444 10068 381 0 0 0 1 1 0 1 1 0 0 1 0 0 0 1 0.000952429
445 17344 1097 1 1 1 1 1 1 1 0 1 1 0 1 1 1 1 0.000158344
446 6014 420 0 0 0 0 0 1 0 1 0 1 1 0 0 0 0 0.000527154
447 6909 227 0 0 1 0 0 0 0 0 0 1 1 0 1 0 1 0.00025214
448 13769 963 1 1 1 1 0 0 1 0 1 1 1 0 0 1 1 0.000603492
449 4337 97 1 0 0 0 0 0 0 0 0 0 0 1 0 0 1 0.000172897
450 21803 1698 1 1 1 1 1 0 1 1 1 1 1 1 1 1 1 0.000214046
451 18274 1345 1 1 1 1 0 1 1 0 1 1 1 1 0 0 1 0.000593295
452 10868 577 1 1 1 0 1 0 1 0 1 0 0 0 1 1 0 0.000628202
453 18760 1057 0 0 1 1 0 1 1 0 0 1 1 1 1 1 1 0.001246172
454 10362 266 0 0 0 1 1 0 0 0 1 1 0 0 1 0 0 0.000565568
455 10854 317 1 0 1 1 1 0 1 1 0 0 0 1 0 0 0 0.000901926
456 15161 703 1 0 0 1 0 0 1 0 1 1 1 1 0 1 1 0.001158661
457 24334 1647 1 0 0 1 1 1 1 1 1 1 1 1 1 1 1 0.00021759
458 11297 671 0 0 0 0 1 0 1 1 0 1 0 1 1 1 1 0.001141132
459 11642 938 1 1 1 0 1 1 0 1 0 0 1 0 0 1 0 0.000885108
460 15672 1117 0 0 0 1 1 1 0 1 1 1 1 1 0 1 0 0.001021169
461 9622 261 0 1 0 1 0 1 0 0 0 0 1 1 0 0 0 0.000632582
462 20498 1731 1 1 1 1 1 1 1 1 1 1 1 1 1 1 0 0.000338729
463 1802 58 0 0 0 0 0 0 0 0 0 0 0 1 0 0 0 0.000277578
464 19630 1666 0 1 1 1 1 1 1 1 1 1 1 1 1 1 1 0.000203606
465 14034 850 1 0 0 1 1 0 1 1 0 0 1 1 0 1 1 0.001399666
466 8020 519 1 0 0 1 1 0 1 0 0 1 0 1 0 0 0 0.000677779
467 1274 7 0 0 0 0 0 0 0 1 0 0 0 0 0 0 0 0.000226571
468 2171 39 0 0 1 0 0 0 0 0 0 1 0 0 0 0 0 0.000213222
469 10706 515 0 1 1 1 0 0 0 0 0 0 1 0 0 1 0 0.000968517
470 11482 1152 1 0 0 1 1 0 1 1 0 1 0 1 0 1 1 0.001250916
471 13239 1387 0 0 1 1 1 1 1 1 1 0 1 1 1 1 1 0.000374907
472 18428 1796 1 1 1 1 1 1 0 1 1 1 1 1 1 1 1 0.000182878
473 9264 929 0 1 1 0 1 0 0 0 0 0 0 0 1 1 1 0.001787372
474 17402 1774 1 1 0 1 1 1 1 1 1 1 1 1 1 1 1 0.000200065
475 18150 912 1 0 1 0 1 1 1 1 1 0 1 0 1 1 1 0.000536971
476 15190 1197 0 0 1 1 0 1 1 1 1 1 1 1 1 0 1 0.000797811
477 8388 623 0 0 0 0 0 1 1 0 0 0 0 1 1 1 1 0.001221334
478 8812 411 0 0 0 1 0 0 1 1 1 0 0 0 0 0 1 0.001288028
479 14571 846 1 1 1 0 0 0 1 1 1 0 1 1 0 1 0 0.001951515
480 16250 1162 1 1 1 1 1 0 1 0 1 0 1 0 1 1 1 0.000392631
481 4869 87 0 0 0 0 0 0 1 0 0 1 0 1 0 0 0 0.000285899
482 10348 776 1 0 0 1 0 0 1 1 1 0 1 1 0 0 0 0.001994772
483 12087 635 1 0 0 1 1 0 1 0 0 1 1 1 0 0 0 0.001033411
484 15328 878 1 0 1 1 1 1 0 1 1 0 0 1 1 0 1 0.000779819
485 15829 682 1 0 0 1 0 0 1 1 1 1 0 0 1 1 1 0.000771533
486 1396 22 0 0 0 1 0 0 0 0 0 0 0 0 0 0 0 0.000273665
487 17882 886 1 1 0 0 1 1 1 1 1 1 1 0 1 0 0 0.000945633
488 12194 711 1 1 1 1 0 0 1 1 0 1 0 1 0 1 0 0.001180618
489 1148 12 0 0 0 0 0 0 0 1 0 0 0 0 0 0 0 0.000216025
490 12249 1265 1 1 1 0 1 1 0 1 1 1 1 0 0 1 1 0.000354089
491 14308 1039 1 1 0 1 0 0 1 1 0 1 1 0 1 1 1 0.000885343
492 8895 276 1 1 0 0 0 0 0 0 1 0 1 0 1 0 0 0.000519886
493 17644 991 1 0 1 1 1 1 1 0 1 0 1 0 0 1 1 0.000926779
494 9045 352 0 0 1 0 0 0 0 1 0 0 1 1 1 0 1 0.001216745
495 19692 1788 1 1 0 1 1 1 1 1 1 1 1 1 1 1 1 0.000307733
496 14010 825 1 1 0 1 1 1 1 0 0 0 0 0 0 1 1 0.001177751
497 18358 1648 1 1 0 1 1 1 1 1 1 1 1 1 1 0 1 0.000233498
498 9268 457 1 0 0 0 1 0 1 1 0 0 0 1 0 1 0 0.000994697
499 16543 478 0 0 1 1 1 0 1 0 1 0 0 1 1 1 1 0.000847364
500 23252 1646 1 1 1 1 0 1 1 1 1 1 1 1 1 1 1 0.000237464
