1 17561 1209 0 1 0 1 1 1 0 1 1 0 1 1 0 1 1 1 1 0 1 1 0.006161544
2 20949 662 1 0 1 1 0 0 1 0 0 0 1 1 1 1 0 1 0 1 0 1 0.005759484
3 26514 1991 1 1 1 0 1 1 1 0 0 0 1 1 1 1 1 1 1 1 1 1 0.001892564
4 20845 1115 1 1 0 0 1 1 1 0 0 0 1 1 1 1 0 1 1 0 0 1 0.010551627
5 19271 615 1 0 1 1 0 1 0 0 1 1 0 0 1 0 1 0 0 0 1 1 0.00377869
6 26525 1440 1 1 0 1 1 1 1 1 1 1 1 1 0 1 0 0 1 1 1 0 0.001329909
7 27210 2606 1 0 1 1 1 1 1 1 1 1 1 1 1 1 1 1 1 1 1 1 0.000284768
8 19650 1389 0 0 1 1 1 1 0 1 1 1 0 0 1 0 1 1 1 1 1 1 0.00506616
9 10363 249 0 0 1 0 0 1 0 0 0 1 0 0 1 1 0 1 1 0 0 0 0.002110674
10 23370 2444 1 1 1 1 1 1 1 1 1 0 1 1 1 1 1 1 1 1 1 1 0.000261365
11 19251 1372 1 0 1 1 1 1 1 0 0 0 1 1 0 1 1 0 1 1 0 1 0.00197579
12 19549 2331 1 1 1 1 1 1 0 1 1 1 0 1 1 1 1 1 0 1 1 1 0.000471152
13 10419 454 1 0 0 0 0 0 0 0 1 0 1 0 0 0 0 1 0 1 0 1 0.005374942
14 16018 1156 1 1 1 0 0 0 1 0 1 0 0 1 0 1 0 0 0 1 1 1 0.012468504
15 30708 2562 1 1 1 1 1 1 1 1 1 1 1 1 1 1 1 1 1 0 1 1 0.000203311
16 8752 186 1 0 0 1 0 0 0 0 0 1 1 0 0 0 0 0 0 0 0 1 0.001221247
17 20560 1435 1 1 1 0 0 1 1 0 0 1 1 1 0 0 1 1 1 0 1 1 0.005607473
18 24589 2519 1 1 1 1 1 1 1 1 1 1 1 1 1 1 1 1 1 0 1 1 0.000500494
19 24440 2160 1 1 1 1 1 1 1 1 1 1 1 1 1 1 0 1 1 1 1 1 0.00029148
20 24417 1608 1 0 0 1 1 1 1 1 1 1 1 1 1 1 1 1 1 1 1 1 0.000493166
21 12128 350 1 1 0 1 0 0 0 1 1 0 1 0 1 0 0 0 0 0 1 0 0.005597619
22 19371 1934 1 0 1 1 1 1 1 1 1 0 1 0 0 0 1 0 1 1 1 1 0.0014964
23 28320 1696 1 1 1 0 1 0 1 1 1 1 1 1 1 1 1 1 1 0 1 1 0.000641567
24 22767 1465 1 1 1 1 0 0 1 1 1 0 1 1 1 1 0 0 0 1 0 1 0.005910582
25 22575 2162 1 1 0 1 1 1 1 1 1 1 1 1 0 1 1 1 1 1 1 1 0.000433858
26 29168 2171 1 1 1 1 1 1 1 1 1 1 1 1 1 1 1 1 0 1 1 1 0.000139642
27 28964 1833 1 1 1 0 1 1 1 1 1 1 0 0 1 1 1 1 1 1 1 1 0.000937438
28 11722 255 1 1 0 0 1 1 0 0 0 1 1 0 0 1 0 0 0 0 0 0 0.002652228
29 22563 1207 0 0 0 1 0 0 1 1 0 1 1 1 1 1 0 1 1 1 0 1 0.005201401
30 4627 184 0 0 0 1 1 1 0 0 0 0 0 0 0 0 0 0 0 0 0 0 0.000764879
31 24095 2134 0 1 1 1 1 1 1 1 1 1 0 1 1 1 1 1 1 1 0 1 0.000434405
32 22409 1466 1 1 1 1 0 1 1 1 1 0 1 0 1 0 1 0 0 0 1 1 0.00605535
33 24312 1350 1 1 1 1 1 0 0 1 0 1 0 1 1 0 1 1 1 1 1 1 0.004627266
34 25567 1615 1 1 1 1 0 1 1 1 1 1 0 1 1 1 1 1 1 0 1 1 0.001149613
35 21271 917 0 0 1 1 1 1 1 1 1 0 1 1 0 0 0 1 0 1 1 1 0.006656221
36 18595 1221 0 0 0 1 1 0 0 1 0 1 1 1 0 1 0 1 0 1 1 0 0.008543338
37 25917 1925 1 1 1 1 1 1 1 1 1 1 1 1 0 1 1 1 1 1 1 1 0.000279866
38 21341 2695 1 1 0 1 1 1 1 1 1 1 1 1 1 1 0 1 1 1 0 1 0.000619775
39 13696 489 1 0 0 1 1 0 1 0 1 0 1 0 0 0 1 1 0 1 0 0 0.005583348
40 10863 367 0 1 0 0 1 0 0 0 1 0 0 0 1 0 0 1 0 1 0 0 0.001880262
41 21445 1933 1 1 1 1 1 1 1 1 1 1 1 1 0 1 1 1 0 1 0 1 0.000933709
42 13808 743 0 0 1 0 0 1 1 0 1 1 0 1 0 1 0 1 0 0 1 0 0.012012461
43 15675 1235 0 1 0 1 1 0 1 0 1 1 0 0 1 1 1 1 0 1 0 0 0.0144736
44 18791 2465 1 1 1 1 1 0 1 1 0 1 1 1 1 1 1 0 0 1 1 1 0.000538797
45 17885 785 1 0 1 0 0 0 0 0 1 1 1 0 1 1 1 0 1 0 0 1 0.014353527
46 16493 1113 0 0 0 1 1 1 0 1 0 0 1 0 1 0 1 1 0 1 1 0 0.020912486
47 20778 2573 1 1 1 1 0 1 1 1 1 1 1 1 1 1 1 1 1 1 0 1 0.000201435
48 25501 1991 1 1 1 1 1 1 1 1 1 1 1 1 1 1 0 1 1 1 1 1 0.0002241
49 18969 896 1 1 1 1 1 1 1 0 0 0 1 0 0 0 0 1 1 1 1 0 0.012001728
50 21561 1561 1 0 1 1 0 1 1 1 1 1 1 1 0 0 1 1 0 1 1 1 0.000709658
51 9520 286 1 0 0 0 0 0 0 0 0 0 1 0 0 0 0 0 0 1 1 1 0.000713642
52 14649 688 0 0 1 1 0 1 0 0 0 1 0 1 0 1 0 0 1 0 1 0 0.009527091
53 28579 2073 1 1 1 1 1 1 0 1 1 1 1 0 1 1 1 1 1 1 1 1 0.000535317
54 18117 957 0 0 1 1 1 1 0 0 1 1 1 1 0 0 1 0 0 0 1 1 0.025216587
55 20988 1590 1 1 0 1 1 1 0 0 1 1 0 0 1 0 1 1 1 1 1 1 0.002542589
56 17745 2511 1 1 1 1 1 1 1 1 1 1 1 1 1 1 1 1 1 1 1 0 0.000135961
57 13487 674 1 1 1 1 0 0 0 1 0 0 0 0 1 1 1 0 0 0 1 1 0.016296366
58 27658 1663 1 1 1 1 0 1 1 1 1 1 0 1 0 1 1 1 0 1 1 1 0.000904637
59 25731 2072 1 1 1 0 1 1 1 1 1 1 0 1 1 1 1 1 1 1 1 1 0.00045973
60 24902 1918 1 1 1 1 1 1 1 0 1 1 1 1 1 1 1 1 0 1 0 1 0.0007596
61 21534 2000 1 0 1 0 0 1 1 1 1 1 1 1 1 1 0 1 1 1 1 1 0.000908498
62 26185 1808 1 1 1 1 1 1 1 1 1 1 1 0 1 1 1 1 1 1 1 1 0.000294463
63 18043 1010 1 0 1 0 1 1 1 0 1 0 0 0 1 1 0 1 0 0 1 0 0.008266687
64 18218 1012 1 1 0 1 1 0 0 0 1 1 0 1 0 1 1 1 0 0 1 1 0.011820543
65 15681 686 0 0 1 1 1 1 0 0 0 1 1 1 0 1 0 0 0 1 0 1 0.006471101
66 15683 844 1 0 0 1 1 0 1 1 1 0 0 0 1 0 1 0 1 1 1 0 0.009839085
67 25267 2694 1 1 1 1 1 1 1 1 1 1 1 1 1 1 1 1 1 0 1 1 0.000304649
68 28944 1778 1 1 1 1 0 1 1 0 1 1 1 0 1 1 1 1 1 1 1 1 0.00112361
69 21264 1176 0 1 1 0 1 1 0 1 1 1 1 0 1 0 1 1 1 1 1 1 0.004526998
70 4454 61 0 0 0 0 0 0 0 1 1 0 0 0 0 1 0 0 0 0 0 0 0.0003987
71 24433 1785 1 1 1 1 1 1 1 1 1 1 1 1 0 0 1 1 1 1 1 1 0.000263385
72 20384 1561 1 1 0 0 1 1 1 1 0 1 1 0 0 1 0 1 0 1 1 1 0.02456538
73 24215 2145 1 0 1 1 1 1 0 1 1 1 1 1 1 0 1 0 1 1 1 0 0.000869212
74 19611 1873 1 1 1 0 1 1 1 1 0 1 1 1 1 1 1 1 1 1 0 1 0.001031605
75 7414 72 1 0 0 0 1 0 0 1 0 1 0 0 0 0 0 0 0 0 0 0 0.000459841
76 27779 2205 1 1 1 0 1 1 0 1 1 1 1 1 1 1 1 0 1 1 1 1 0.000665014
77 20537 2597 0 1 1 1 1 1 1 0 1 1 1 0 1 1 1 0 1 1 0 1 0.001077758
78 12188 195 1 0 0 1 0 0 0 1 0 0 0 1 0 1 1 0 0 0 0 1 0.001286001
79 21921 1876 1 1 1 1 1 0 1 1 1 1 1 1 1 0 1 1 1 1 1 0 0.000682396
80 22053 2141 1 1 1 1 1 0 1 1 1 1 1 0 1 1 1 1 1 1 1 1 0.000408283
81 21600 1775 1 1 0 1 1 1 1 1 1 0 1 0 1 1 1 0 1 1 1 1 0.001261508
82 8417 118 0 1 0 0 0 1 0 0 0 1 0 1 0 0 0 0 0 0 0 0 0.000500822
83 4168 48 1 0 0 0 0 0 0 0 0 0 0 0 0 0 0 0 0 0 1 1 0.000233628
84 12616 620 0 1 1 0 0 1 1 0 0 0 1 0 1 1 0 0 0 0 0 0 0.014236535
85 23656 2087 1 1 0 1 1 1 1 1 0 1 1 1 0 1 1 1 1 1 1 1 0.001162041
86 21301 1672 0 0 1 1 0 1 1 1 1 1 0 0 1 1 1 1 1 0 0 1 0.007757608
87 8249 216 1 0 0 0 1 0 0 1 0 0 0 0 0 0 1 0 0 1 0 0 0.000514264
88 26574 2233 0 1 1 1 1 1 1 1 1 1 1 1 1 1 0 1 1 1 0 1 0.000787494
89 13537 432 1 1 0 0 1 0 0 0 0 0 0 1 1 0 0 0 1 1 0 1 0.005212155
90 18386 2019 1 1 1 1 1 1 1 1 1 1 1 1 1 1 1 1 1 0 1 1 0.000200287
91 22733 1625 0 1 1 1 0 1 0 0 1 1 1 1 1 0 1 0 1 1 1 0 0.009518425
92 16487 771 1 0 1 0 1 1 0 1 0 0 0 0 0 0 1 1 0 0 1 1 0.011142278
93 5152 183 0 0 0 0 1 0 0 0 0 0 1 0 0 1 1 0 0 0 0 0 0.000325351
94 12639 418 0 0 0 0 0 1 0 1 0 1 1 1 0 1 0 0 0 0 0 1 0.002982509
95 20594 2441 1 1 1 1 1 1 1 1 1 1 1 1 1 1 1 1 1 1 0 1 0.000121606
96 18731 1005 0 0 0 0 0 1 0 1 0 1 0 0 1 1 1 0 1 1 1 1 0.026858881
97 26395 1979 1 1 1 1 1 1 1 1 1 1 0 1 1 1 1 1 1 1 0 0 0.000339457
98 26430 1303 1 0 1 0 1 1 1 1 1 1 0 1 1 1 1 0 0 1 1 1 0.00125017
99 25088 1628 0 1 1 1 1 1 1 0 1 1 1 1 1 1 0 1 1 0 1 0 0.001129177
100 11403 396 0 1 1 0 1 0 1 0 1 0 1 0 0 0 0 1 0 0 0 0 0.003576823
101 12894 391 0 0 1 1 0 0 0 0 0 0 1 0 1 1 0 1 1 0 0 0 0.003367037
102 14326 662 0 1 0 1 0 0 1 0 0 0 1 0 0 1 1 1 1 0 1 0 0.008390251
103 23188 2023 1 1 1 1 1 1 1 1 1 0 1 1 1 1 1 1 1 1 1 1 0.000367523
104 22176 1977 1 1 1 1 1 1 1 1 1 1 1 1 1 1 1 1 0 1 1 1 0.000481579
105 19929 968 0 1 0 1 1 0 1 1 1 0 1 1 0 0 1 1 1 0 1 0 0.005783453
106 18528 1567 0 0 0 1 1 1 1 1 0 1 1 1 1 1 1 0 1 1 1 1 0.005383107
107 7047 143 0 0 1 1 0 0 0 1 1 0 0 0 0 0 0 0 0 0 0 0 0.001066736
108 25899 1412 1 0 0 1 1 1 0 1 1 1 0 0 0 1 1 1 1 1 1 1 0.004613243
109 12400 491 1 1 1 1 0 1 1 0 1 0 0 0 0 1 0 1 0 0 1 0 0.008173748
110 25420 1843 1 1 0 0 1 1 1 0 1 1 0 1 1 1 1 1 1 1 1 0 0.00113499
111 8172 357 0 0 0 0 1 0 1 0 0 0 0 0 1 0 1 0 0 0 0 1 0.001054958
112 7900 249 1 0 0 0 0 0 0 0 1 0 0 1 0 1 0 0 1 0 0 1 0.000731633
113 17301 1150 0 1 1 1 1 1 1 0 1 0 0 1 0 0 0 1 0 1 1 0 0.011630398
114 14603 907 0 0 0 0 0 1 1 0 1 0 0 1 1 0 0 0 0 1 1 1 0.015618548
115 19343 912 0 1 1 1 1 0 1 1 1 0 1 0 0 0 1 1 0 1 0 1 0.011849868
116 24546 2373 1 0 0 1 1 1 1 1 1 1 1 1 1 1 1 1 1 1 1 1 0.000567155
117 7323 355 0 0 1 0 1 1 0 0 0 1 0 0 1 1 1 0 0 0 0 0 0.003972513
118 5594 69 0 0 0 0 0 0 1 0 0 1 0 0 0 0 0 1 0 0 0 0 0.00029406
119 3493 68 0 0 0 0 1 0 0 0 0 1 0 0 0 0 0 0 0 0 0 0 0.000284585
120 25569 2137 1 1 0 1 1 1 1 1 1 1 1 1 1 1 1 1 1 1 1 1 0.000441942
121 10705 258 0 0 1 0 1 0 1 0 0 0 0 0 0 0 1 0 0 1 1 0 0.00157511
122 24974 1535 0 1 0 0 1 1 1 1 1 1 0 1 1 0 0 1 1 1 1 0 0.004885496
123 22479 1448 1 1 0 0 1 1 1 0 1 0 1 1 1 0 0 1 0 1 1 1 0.017246031
124 12423 727 1 1 0 1 0 0 0 0 0 0 1 0 0 0 1 1 0 0 0 1 0.035144882
125 13051 632 1 0 1 0 1 1 1 1 0 0 0 0 0 1 1 0 0 0 1 0 0.001786713
126 23503 1831 1 0 1 1 1 0 1 1 1 0 1 1 1 0 1 1 1 1 1 1 0.001507051
127 22037 1566 0 1 1 1 0 1 0 1 1 1 1 1 1 0 1 1 1 0 1 1 0.002329194
128 16729 966 1 0 1 1 1 0 0 0 1 1 0 0 0 1 1 0 1 0 0 1 0.022675434
129 21529 1631 0 0 1 0 1 1 1 1 1 0 1 1 1 1 1 1 1 1 1 1 0.001502904
130 14486 333 0 1 0 0 0 0 0 0 0 0 1 0 1 0 1 1 1 1 0 1 0.002638928
131 26050 1555 1 0 1 1 0 1 1 0 1 1 1 1 0 1 1 1 1 1 1 1 0.001448283
132 13386 500 1 1 0 0 1 1 0 1 1 0 0 0 1 0 0 1 0 0 0 0 0.009412663
133 24554 2521 1 1 1 1 1 1 1 1 1 1 1 0 1 1 1 1 1 1 1 1 0.000581346
134 18640 1247 0 1 0 1 0 0 1 1 1 0 1 1 1 0 1 0 1 0 0 1 0.003846337
135 17035 2301 1 1 1 1 1 1 1 0 1 1 1 1 0 1 1 1 1 1 1 1 0.00053891
136 13811 868 0 0 1 1 1 1 0 1 1 0 0 1 1 0 0 1 0 1 1 0 0.011489152
137 24197 1626 1 0 0 0 1 1 1 1 1 1 0 1 0 1 1 1 1 0 1 1 0.006077491
138 22671 2102 1 1 0 1 1 1 1 1 1 1 1 1 1 1 0 1 1 1 1 1 0.000492368
139 23369 1919 1 1 1 1 1 1 1 1 1 0 1 1 1 1 1 1 1 1 1 0 0.000448777
140 10706 379 0 0 0 0 0 1 1 1 0 0 0 1 1 0 1 1 0 0 0 0 0.002030096
141 4784 205 0 1 0 0 0 0 0 0 0 0 0 0 1 1 0 0 0 0 0 0 0.001013378
142 11333 468 0 0 1 0 0 0 1 0 1 0 1 0 0 0 0 1 0 1 0 0 0.00321357
143 25671 2429 1 1 1 1 1 1 1 1 1 1 1 1 0 1 1 1 1 1 1 0 0.000496238
144 9458 375 0 0 0 0 1 0 0 0 1 0 1 0 1 0 0 0 0 0 1 1 0.002150863
145 23048 2162 0 1 1 1 1 1 0 1 1 1 1 1 0 1 1 1 1 1 1 0 0.001016309
146 18679 1153 1 0 1 0 1 1 0 1 1 1 1 0 0 1 1 0 0 0 1 1 0.006043139
147 7412 126 0 1 0 0 0 1 0 0 0 0 1 0 0 1 0 0 0 0 0 0 0.000577077
148 18742 1615 1 1 1 1 1 1 1 1 1 0 1 0 1 1 0 1 1 1 1 1 0.000943036
149 24947 2213 1 1 1 1 1 0 1 0 1 1 1 1 1 1 1 1 1 1 0 1 0.000753658
150 20184 925 1 1 1 0 0 0 1 0 1 1 0 1 0 0 1 1 1 1 0 1 0.00942951
151 22638 1756 1 1 0 1 1 1 1 1 1 0 1 1 1 0 1 1 0 1 0 1 0.000964858
152 3931 42 0 0 1 0 0 0 1 0 0 0 0 0 0 0 0 0 0 1 0 0 0.000202763
153 8374 275 0 0 1 1 0 0 1 0 0 1 0 0 1 0 0 0 0 0 0 1 0.002289168
154 24742 1943 1 1 1 1 1 1 0 1 0 1 1 1 0 1 1 1 1 1 1 0 0.000712377
155 17636 1405 0 1 1 0 1 1 1 1 0 0 1 1 0 0 0 1 1 0 1 1 0.004381383
156 8346 215 0 0 1 1 0 0 0 0 0 0 1 1 0 0 1 0 0 0 0 1 0.000784813
157 19955 2483 1 1 0 1 1 1 1 1 1 1 1 1 1 1 1 1 1 1 1 1 0.000213926
158 15751 889 0 0 1 0 0 0 0 1 0 0 0 0 1 1 1 1 1 1 1 0 0.017016183
159 26737 2090 0 1 1 1 1 1 1 1 0 1 1 1 1 1 1 1 1 1 1 1 0.000521132
160 24950 1234 1 1 1 1 0 1 1 1 1 1 1 1 1 1 1 0 0 0 0 0 0.001472598
161 9697 393 1 0 1 0 1 0 1 0 0 0 0 0 0 0 0 0 1 0 0 0 0.003420311
162 26722 2121 1 1 1 0 1 1 1 0 1 1 1 1 1 0 1 1 1 0 1 1 0.00071621
163 27575 1501 1 1 1 1 1 0 0 1 1 0 1 1 1 1 0 1 1 1 1 0 0.002161921
164 7332 261 0 0 0 1 0 1 0 0 0 1 0 0 1 1 0 1 0 0 0 0 0.002227315
165 9893 246 0 0 1 0 0 0 0 0 1 1 1 0 1 0 0 0 0 1 1 0 0.001710132
166 17769 877 0 0 1 0 0 1 0 1 0 1 0 0 1 1 1 0 1 0 1 0 0.013564149
167 13261 1038 0 1 0 0 1 0 1 0 0 1 1 1 1 0 0 0 0 0 1 1 0.039619928
168 24594 2037 1 1 0 1 1 1 1 0 1 1 0 1 1 1 1 1 1 0 1 1 0.000766368
169 8908 201 0 0 1 0 0 0 1 0 1 0 0 0 0 1 1 0 0 0 0 0 0.001289421
170 18571 823 0 1 1 0 1 1 1 1 0 1 0 1 0 1 1 0 0 0 1 0 0.008557794
171 30509 1930 1 1 0 1 1 1 1 1 1 1 1 1 1 1 1 1 1 1 1 1 0.000317919
172 19832 1473 1 1 1 1 1 1 1 1 1 1 1 1 1 1 0 0 1 1 1 0 0.00073296
173 19608 2677 1 1 1 1 1 1 1 1 1 1 1 1 1 0 1 1 1 1 1 1 0.000507635
174 14176 1006 1 0 0 0 1 0 0 0 1 0 1 1 1 0 0 0 1 0 1 1 0.007985889
175 21034 1417 1 1 1 1 1 1 1 1 0 1 1 1 1 1 1 1 0 1 0 1 0.000348464
176 18385 672 1 0 1 1 0 0 0 0 0 1 1 1 1 0 0 1 1 1 1 1 0.018184177
177 11157 244 0 0 0 0 1 0 0 1 1 0 1 0 0 0 0 0 0 1 0 0 0.000863835
178 1914 28 0 0 0 0 0 0 0 0 0 0 0 0 0 0 0 1 0 0 0 0 0.000221187
179 14152 569 0 1 1 1 0 0 0 0 1 0 0 0 0 1 0 1 0 0 1 0 0.013837576
180 5807 223 0 0 0 0 1 0 1 0 0 0 1 0 0 0 0 0 0 0 0 0 0.001211023
181 12553 682 1 0 0 0 0 1 1 1 1 0 1 1 0 0 1 0 0 0 0 1 0.009006504
182 22347 1426 0 1 1 1 1 1 0 1 1 1 0 1 1 1 1 1 0 0 1 1 0.001438307
183 10005 443 0 1 0 0 1 1 1 1 0 0 0 1 1 0 0 0 0 0 0 0 0.011301479
184 22078 2310 1 1 1 1 1 1 1 1 1 0 1 1 1 1 1 1 1 1 0 1 0.000294302
185 18496 1443 1 1 1 0 1 1 1 0 1 0 1 1 1 0 0 1 1 1 0 1 0.002980013
186 31330 1073 1 1 1 1 1 1 1 1 0 1 1 1 1 1 1 1 1 0 0 1 0.00144169
187 14787 545 1 0 0 1 1 0 0 0 0 1 0 0 1 1 0 0 0 0 1 1 0.00451982
188 20431 1215 1 0 1 1 0 0 1 1 1 1 0 1 0 0 0 1 1 0 1 1 0.011706202
189 18910 2298 0 1 1 1 1 1 1 1 1 1 1 1 1 1 1 1 1 1 0 1 0.000364847
190 18041 987 0 1 1 0 1 0 1 0 1 0 1 1 0 1 1 1 0 0 0 1 0.013445044
191 5950 137 0 0 0 0 0 0 1 1 0 0 1 0 0 0 1 0 0 0 0 0 0.000320741
192 24612 1376 1 1 1 1 1 1 1 1 1 1 1 0 1 1 0 0 1 0 1 1 0.002016002
193 17346 1166 0 1 0 1 0 1 0 1 1 0 1 0 0 1 0 1 0 1 1 0 0.017425697
194 18578 1071 1 0 0 1 1 1 0 1 1 1 1 1 1 0 0 1 1 0 0 0 0.004512885
195 17600 1286 0 1 0 1 0 1 1 1 1 1 1 0 1 1 1 0 0 0 0 1 0.006262008
196 20230 2337 1 1 1 1 1 1 1 1 1 1 1 1 1 1 0 1 1 1 1 1 0.000347936
197 23841 2026 0 1 1 1 1 1 0 1 1 1 1 0 1 1 1 1 1 1 1 1 0.000943596
198 16059 862 0 0 0 1 1 1 1 1 0 1 1 0 0 1 0 1 1 0 0 0 0.020719512
199 17333 1075 0 0 1 1 1 0 1 0 1 1 0 0 1 1 0 0 1 0 0 1 0.020939428
200 14503 811 0 1 0 0 0 1 1 0 0 0 1 0 1 1 1 1 1 1 0 0 0.02487792
201 17156 1178 0 1 0 1 0 0 0 1 1 1 1 0 1 1 0 1 1 1 0 1 0.01163097
202 7602 348 0 0 0 0 1 1 0 0 0 1 0 1 0 0 0 0 0 0 1 0 0.00134858
203 10510 390 1 0 1 0 0 1 0 0 0 1 1 1 0 0 0 0 1 0 1 0 0.004773531
204 5646 77 0 0 0 0 0 0 1 0 0 0 0 0 0 0 0 1 1 0 0 0 0.000302916
205 9157 222 0 0 1 1 0 1 0 0 0 0 1 0 0 1 0 0 0 0 0 1 0.002041661
206 24781 2134 1 1 1 1 1 1 1 1 1 1 1 1 1 0 1 1 1 1 1 1 0.000389899
207 24445 2874 1 1 1 1 1 1 1 1 1 1 1 1 1 1 1 1 1 1 1 0 0.000214439
208 15440 351 1 1 0 1 0 0 1 0 1 0 0 1 0 1 0 1 1 1 0 0 0.002301031
209 21621 2082 0 1 1 1 1 1 0 1 1 1 0 1 0 1 1 1 1 1 0 1 0.001268126
210 23026 1662 1 1 0 0 1 1 1 1 1 0 1 1 1 1 1 1 1 1 0 1 0.000710591
211 19365 1417 1 1 1 1 1 0 0 0 0 0 1 0 1 1 1 1 1 0 1 0 0.009261788
212 24074 1544 1 1 1 1 1 1 1 1 1 0 1 0 0 1 1 1 0 1 0 1 0.00078304
213 27628 2233 1 1 1 1 1 1 1 1 1 1 1 1 1 1 1 0 1 1 1 1 0.000293951
214 19258 1264 1 1 1 0 0 1 1 1 1 0 0 0 0 1 1 0 1 1 0 1 0.010033549
215 23934 1184 1 1 1 0 0 1 0 1 1 1 1 0 1 1 1 1 1 1 1 1 0.001973603
216 20126 751 1 1 0 1 1 1 1 0 1 0 0 1 1 0 0 1 1 0 1 1 0.007298003
217 23263 1184 0 1 0 1 1 1 0 0 1 0 1 1 1 1 1 0 1 1 1 1 0.003144141
218 10821 517 1 1 1 1 0 1 0 0 0 0 0 1 0 0 0 0 0 0 0 1 0.008574906
219 16384 1050 1 1 1 1 0 1 1 1 0 1 0 0 1 0 1 1 0 0 1 0 0.003403906
220 28199 1916 1 1 1 1 1 1 1 1 1 1 1 1 0 1 0 0 1 1 0 1 0.001019336
221 10482 232 0 0 0 0 0 1 0 0 0 0 1 0 0 0 1 1 0 1 0 0 0.002187042
222 26199 2265 1 1 1 1 1 1 1 0 0 1 1 1 1 1 1 1 1 1 1 1 0.000421611
223 19207 583 1 0 0 1 1 1 0 1 0 0 0 1 1 1 0 0 0 1 0 1 0.014730771
224 13684 1066 1 0 0 0 1 0 1 1 0 1 0 0 0 1 0 1 0 0 1 0 0.013776171
225 26875 1658 1 1 1 1 1 1 1 1 1 1 1 0 0 1 0 1 1 0 1 1 0.000885914
226 9324 370 1 0 0 1 0 0 0 0 1 1 1 0 0 1 0 0 1 0 0 0 0.005765566
227 6596 298 0 0 1 0 0 0 0 0 0 0 1 1 0 0 0 0 1 0 0 1 0.001129427
228 24750 1287 1 0 1 1 1 1 1 1 1 1 0 1 1 1 0 1 1 1 0 1 0.000812173
229 16183 1243 1 1 1 1 0 0 0 1 1 0 1 0 1 1 0 0 0 1 1 1 0.026638664
230 24368 1728 0 0 1 1 1 1 1 1 1 0 1 1 0 1 1 1 1 1 1 1 0.001480836
231 13428 392 0 1 1 0 0 0 1 0 1 0 0 1 0 0 0 1 1 1 0 0 0.004202452
232 28544 2181 1 1 1 1 1 1 1 1 1 1 1 1 1 1 1 0 1 1 1 1 0.000286729
233 21952 1688 1 1 1 1 1 1 1 1 0 0 1 1 0 1 1 1 1 1 1 0 0.000636882
234 21974 1740 0 1 0 1 1 0 1 1 1 1 1 1 1 0 1 1 0 1 0 1 0.003084708
235 8945 312 0 0 0 0 0 1 0 0 0 1 1 1 0 0 0 0 0 1 0 0 0.001596453
236 22164 2046 1 1 1 1 1 1 1 1 1 0 0 1 0 0 1 1 1 1 1 1 0.00099734
237 21426 2045 0 1 1 1 1 1 1 0 1 1 1 1 1 1 1 1 1 1 1 0 0.000629088
238 20635 1669 1 1 1 1 0 0 1 0 1 1 1 1 1 0 1 1 1 0 1 0 0.002336588
239 20138 1412 1 0 1 0 1 1 1 1 1 1 0 1 1 0 1 0 1 1 0 0 0.004213898
240 25520 2254 1 1 1 1 1 1 1 0 1 1 1 1 1 1 1 1 1 1 1 1 0.000977285
241 11406 992 0 0 1 0 1 1 1 0 1 0 0 0 0 0 0 0 0 1 0 1 0.029031642
242 602 4 0 0 0 0 0 1 0 0 0 0 0 0 0 0 0 0 0 0 0 0 9.7481e-05
243 17095 957 0 1 0 1 1 0 1 1 0 0 1 0 1 1 0 1 0 1 1 1 0.006717546
244 18042 750 1 1 1 1 1 1 0 1 1 0 0 1 1 0 0 0 1 0 1 0 0.006335546
245 21473 1155 0 1 1 1 1 0 0 1 1 1 0 1 0 1 1 0 1 1 0 1 0.005619764
246 22918 1275 1 1 1 1 1 1 1 0 1 0 0 1 0 0 1 0 1 0 1 1 0.004123886
247 25147 2702 1 1 1 0 1 1 1 1 1 1 1 0 1 1 0 1 1 1 1 1 0.000364484
248 24975 2808 1 1 1 1 1 1 1 0 1 1 1 1 1 1 1 1 1 1 1 1 0.000371077
249 13610 338 1 0 1 1 1 1 1 0 0 1 0 0 0 0 0 0 1 0 0 0 0.005748602
250 17124 579 0 1 1 1 0 0 0 1 1 1 1 0 0 1 0 1 0 0 0 1 0.008485191
251 19278 630 0 1 1 0 1 0 1 1 0 1 1 1 0 1 1 0 1 0 0 1 0.005334918
252 14494 599 1 1 0 0 0 0 0 0 1 1 1 0 1 0 1 0 0 1 1 0 0.005435361
253 26409 2017 1 1 1 1 1 1 1 1 0 1 1 0 1 1 1 1 1 1 1 1 0.000478422
254 11552 487 0 0 0 0 0 1 0 0 0 1 1 1 0 0 0 0 1 0 0 1 0.004309495
255 17681 928 0 1 0 0 1 1 1 1 1 0 1 0 0 1 0 0 1 0 1 1 0.022702048
256 13652 967 1 1 0 1 0 0 0 0 1 1 0 0 1 1 0 0 0 1 0 0 0.013977666
257 20737 2291 1 0 1 1 1 1 1 1 1 1 0 1 1 1 1 1 1 1 1 1 0.000446813
258 11561 662 0 1 0 1 1 1 0 0 1 1 0 1 1 1 0 1 0 1 0 0 0.0164249
259 22087 1141 1 1 1 1 1 0 1 1 0 0 1 1 1 1 1 1 1 0 1 1 0.002474419
260 20066 1429 0 0 1 1 1 1 1 0 1 0 0 1 1 0 1 1 1 1 0 1 0.024315834
261 7483 341 1 0 0 0 1 0 0 0 0 1 0 0 0 0 0 1 1 0 1 0 0.002398441
262 6560 164 0 0 1 0 0 1 0 0 1 0 0 0 0 0 0 1 0 0 1 0 0.000618995
263 14012 372 0 0 0 0 0 1 0 0 1 0 0 1 0 1 0 0 1 0 1 1 0.00182024
264 18589 1970 1 1 1 1 1 1 1 1 1 1 1 1 1 1 1 1 1 1 0 1 0.000140796
265 11547 510 1 1 0 0 0 0 0 1 1 0 0 0 0 0 0 1 0 1 0 1 0.004067278
266 11792 428 1 1 0 1 1 1 0 0 0 0 1 0 0 0 0 0 0 0 0 0 0.00703582
267 25602 1834 1 1 1 1 1 1 1 1 1 1 0 1 1 1 1 1 1 1 1 1 0.000242809
268 10702 763 0 0 0 1 0 1 0 0 0 0 1 0 0 0 1 0 0 0 1 0 0.014697513
269 20443 1664 1 0 1 1 1 1 1 1 1 1 1 1 0 1 1 0 1 0 1 1 0.00077046
270 22250 1866 0 1 1 1 1 1 1 0 1 1 1 1 1 0 0 0 1 1 0 1 0.00443835
271 15737 636 1 1 0 1 0 0 1 0 1 0 0 0 0 0 1 1 1 1 0 0 0.012250253
272 21704 1445 0 0 1 1 1 1 1 1 1 0 1 1 1 1 0 0 0 0 1 0 0.003215426
273 1806 10 0 0 0 0 0 0 0 0 0 0 0 0 0 0 0 0 0 0 1 0 0.000103128
274 25057 2597 1 1 1 1 1 1 1 1 1 1 1 1 1 1 1 1 1 1 1 0 0.000168924
275 26743 1734 1 0 1 1 1 1 1 1 1 1 0 1 0 1 1 1 1 0 1 1 0.000933934
276 19147 1000 1 0 1 1 1 0 0 0 1 0 1 1 1 1 1 0 1 0 1 0 0.038485657
277 26395 2393 0 1 1 1 1 0 1 1 1 1 1 1 1 1 1 1 1 1 1 1 0.000318675
278 23796 1731 1 1 1 1 1 1 1 1 1 0 1 1 1 1 1 1 1 1 1 1 0.000366262
279 28066 1941 1 1 1 1 1 1 1 1 0 0 1 1 1 1 1 1 1 1 1 1 0.000573884
280 25753 2030 1 1 1 1 1 1 1 1 1 1 1 0 1 1 1 1 1 1 1 1 0.000327808
281 20490 1567 1 1 0 1 1 1 0 1 1 0 1 1 1 0 1 1 1 0 1 1 0.004205269
282 12018 543 0 0 1 0 0 1 0 1 1 1 0 0 0 0 0 1 0 1 0 1 0.005313587
283 19370 1732 1 1 0 1 0 1 1 0 1 1 1 1 1 1 0 0 1 1 0 1 0.005697444
284 17617 815 0 1 1 0 0 1 0 1 0 1 1 0 1 1 1 1 1 1 0 0 0.020368366
285 28078 1639 1 1 1 1 1 1 0 1 1 1 1 1 1 1 0 1 0 0 1 1 0.000910092
286 21006 644 0 1 0 1 1 1 1 0 1 1 1 0 1 0 1 1 0 0 1 1 0.028675454
287 25238 1173 1 1 0 0 0 0 1 1 1 1 0 0 1 1 1 1 1 1 1 1 0.009892975
288 9282 391 0 0 1 0 0 1 0 0 0 0 0 1 0 1 1 0 0 1 1 0 0.001697199
289 17047 919 1 1 0 0 1 0 1 1 1 0 0 0 1 0 0 1 1 0 1 0 0.007052199
290 26696 1825 1 0 1 1 1 1 1 1 1 1 1 1 0 1 0 0 1 1 0 1 0.001151274
291 20591 2156 1 1 1 1 1 1 1 0 1 0 1 0 1 1 1 1 1 1 1 1 0.000417682
292 13462 531 0 0 1 1 1 1 1 1 0 0 1 0 1 1 0 0 1 1 0 0 0.005479682
293 26552 2392 1 1 1 1 1 1 1 1 0 0 1 1 1 1 1 1 1 1 1 1 0.000328577
294 19081 845 0 0 1 0 1 0 1 1 1 1 0 0 0 1 1 1 1 0 1 0 0.0172557
295 25145 2002 1 1 1 0 1 0 1 1 1 1 1 0 1 1 1 1 1 1 0 1 0.000857059
296 13238 621 0 0 0 0 1 0 1 0 1 0 1 1 0 0 0 1 1 0 0 0 0.007056529
297 24651 1746 1 1 1 1 0 1 1 1 1 1 1 0 1 1 0 1 1 1 1 1 0.00195235
298 24180 1041 0 1 1 1 1 1 1 1 0 1 0 1 1 1 0 0 1 0 0 1 0.003822658
299 23795 2464 1 1 1 1 1 1 1 1 1 1 1 0 1 1 1 1 1 1 1 1 0.00021938
300 21084 1417 1 1 0 0 1 1 1 0 1 1 1 1 1 0 1 1 1 1 0 1 0.011074766
301 25085 1100 0 0 1 1 1 1 1 1 1 1 1 1 1 0 1 1 1 1 1 1 0.000817211
302 21977 1149 1 1 1 1 0 1 0 1 1 1 0 0 1 1 1 1 0 0 0 1 0.007858621
303 24277 1921 1 1 1 1 1 1 1 1 1 1 1 1 0 0 1 1 1 1 1 1 0.000665705
304 13390 513 1 1 1 0 0 0 0 1 1 0 0 0 0 0 1 0 0 0 1 0 0.008865728
305 23668 1400 1 1 1 1 0 1 0 1 1 1 1 1 0 1 1 1 1 0 0 1 0.003669002
306 22705 1874 1 1 1 1 0 0 0 1 0 1 0 1 0 1 1 1 0 1 1 1 0.005161679
307 23013 2390 1 1 1 1 1 1 1 0 1 1 1 1 1 1 1 1 1 1 1 1 0.00038244
308 16978 1158 0 0 1 1 0 1 0 1 1 1 1 1 0 0 1 0 0 0 0 1 0.014498263
309 16001 1049 0 0 0 0 1 0 1 1 1 1 0 0 0 1 1 0 1 1 1 1 0.022161113
310 25823 1832 1 1 1 1 1 1 1 1 1 1 1 1 1 1 1 1 1 0 1 1 0.000327617
311 16580 1710 1 0 0 1 0 0 1 0 1 1 1 1 1 1 0 1 1 0 0 1 0.011702989
312 16784 922 0 0 1 0 0 1 1 1 1 1 0 0 0 0 0 1 1 0 0 1 0.022375972
313 17175 1176 1 1 1 1 1 1 0 1 1 0 1 1 0 0 1 1 1 0 0 0 0.004961302
314 9079 409 0 0 1 0 0 0 0 0 0 0 0 0 0 0 0 1 0 1 1 1 0.00195641
315 24830 2181 1 1 1 1 1 0 1 1 1 1 1 1 1 0 1 1 1 1 1 1 0.000460746
316 5679 132 0 0 0 0 0 1 1 0 0 0 0 1 1 0 0 0 0 0 0 0 0.000746824
317 1513 51 0 0 0 0 0 0 1 0 0 0 0 0 0 0 0 0 0 0 0 0 0.000212514
318 21659 1939 1 0 1 1 1 1 1 1 1 1 0 1 1 0 0 1 1 0 1 1 0.001612181
319 20442 2220 0 0 1 1 1 1 1 1 1 1 1 1 1 1 1 1 0 1 1 1 0.000430521
320 13822 960 1 0 1 0 0 1 1 0 0 0 0 1 0 1 1 0 0 1 0 1 0.034060006
321 24125 1858 1 1 1 1 1 1 1 0 1 1 1 1 1 1 1 0 1 1 1 1 0.00042954
322 8416 296 0 0 0 0 1 0 0 0 1 1 0 0 0 0 0 0 0 1 0 1 0.001737571
323 25381 1497 1 1 1 1 1 1 1 0 1 1 1 1 0 1 0 1 0 1 1 1 0.001734419
324 19917 999 0 0 1 1 0 0 1 1 0 0 1 1 1 0 1 0 0 1 1 1 0.008470589
325 19065 2197 1 0 1 1 1 1 1 1 0 0 1 1 1 1 1 0 1 1 0 1 0.001346294
326 25967 2437 1 1 1 1 1 1 1 1 1 1 1 1 1 1 1 1 0 1 1 1 0.00021411
327 25740 1620 1 0 1 1 1 1 1 1 1 1 1 1 1 0 1 1 0 1 1 1 0.000578032
328 22507 2461 1 1 1 1 0 1 1 1 1 1 1 1 1 1 1 1 1 1 1 1 0.000252919
329 17514 1640 0 1 1 0 1 1 1 1 1 0 1 0 1 1 1 1 1 1 0 0 0.003169629
330 19925 1406 0 1 0 1 1 0 1 1 0 1 1 0 0 1 1 0 1 1 1 1 0.008438295
331 21227 1948 1 1 1 0 1 1 1 1 0 1 0 1 1 1 1 1 1 1 1 1 0.000968496
332 20591 2285 1 0 1 1 1 1 1 1 1 1 1 1 1 1 1 1 1 1 1 1 0.000355109
333 3796 59 0 1 0 0 0 0 0 0 0 0 0 0 1 0 0 0 0 0 0 1 0.000245588
334 25903 2557 1 1 1 1 1 1 1 1 1 1 1 1 1 0 1 1 1 1 1 1 0.000235631
335 16380 744 1 0 1 1 0 0 1 0 0 1 1 0 0 1 0 0 1 1 0 0 0.014259273
336 10068 381 0 0 1 1 0 1 1 0 0 1 0 0 0 1 0 0 0 0 0 0 0.002595537
337 20678 1357 0 0 1 0 0 1 0 1 1 1 1 1 1 1 0 1 1 1 1 0 0.006688163
338 13432 885 0 1 0 1 1 1 0 0 0 1 1 1 0 0 0 1 1 0 1 0 0.007143563
339 21165 1290 0 1 1 0 1 0 1 1 0 0 1 1 1 0 1 1 0 1 1 0 0.004608465
340 25798 2097 1 1 1 1 1 0 1 1 1 0 1 1 1 0 1 0 1 1 1 1 0.000953178
341 24971 1799 0 1 0 1 1 1 1 1 1 0 1 0 0 1 1 1 1 1 0 1 0.003192136
342 11291 500 0 1 1 0 1 0 0 0 1 0 0 0 1 1 0 1 1 0 0 0 0.007166491
343 27066 2100 1 1 0 1 1 1 1 1 1 1 0 1 1 1 0 1 1 1 1 1 0.000496648
344 11174 477 1 0 1 1 0 0 0 0 1 0 1 0 0 0 1 0 1 0 0 0 0.004393185
345 18361 2034 1 1 1 1 0 1 1 1 0 1 0 1 1 1 1 1 1 1 0 1 0.00141802
346 11955 1005 0 0 0 1 0 1 0 0 0 1 1 1 0 0 0 0 0 1 1 0 0.008914934
347 18177 2147 1 1 0 1 1 1 1 1 1 1 1 1 1 1 1 0 1 0 0 1 0.000429158
348 20514 1647 1 0 0 0 1 1 1 0 0 1 1 1 1 1 1 0 1 0 1 0 0.004046728
349 22592 1508 1 1 1 0 0 1 1 1 1 1 0 1 1 1 1 1 1 1 0 0 0.001895424
350 16000 821 0 1 1 1 1 0 0 1 1 1 0 1 0 0 1 1 1 0 0 0 0.02221603
351 2409 30 0 0 1 0 0 0 0 0 0 0 0 0 0 0 0 0 0 0 0 0 0.000194063
352 12855 759 0 0 1 1 0 1 1 0 0 1 0 0 1 0 0 1 1 0 1 0 0.007744965
353 20833 1372 1 1 1 1 1 1 1 1 1 1 0 0 1 1 1 1 0 0 0 1 0.001622703
354 24338 1862 1 0 1 1 1 1 1 1 1 1 1 1 1 1 1 0 1 1 1 0 0.000467123
355 13867 558 1 0 1 0 0 0 0 1 0 0 1 0 1 0 0 1 0 0 1 0 0.004316222
356 18985 1073 0 1 0 1 0 1 0 1 1 1 0 1 1 0 0 1 1 1 0 0 0.008035123
357 24072 2143 1 1 1 1 1 0 0 0 1 1 1 1 1 1 1 1 1 1 1 1 0.000462058
358 13520 333 0 0 0 1 1 0 1 1 1 0 0 0 0 1 0 0 0 1 0 1 0.004178254
359 27711 1438 1 1 1 0 1 1 1 1 1 0 1 0 1 1 1 1 1 0 1 1 0.001182644
360 22181 2091 1 0 1 1 1 1 1 0 1 1 1 1 1 1 1 1 1 1 0 1 0.000646978
361 20933 2120 1 1 1 1 1 1 0 1 0 1 1 1 1 1 1 1 1 1 0 1 0.000413587
362 23255 1793 1 1 1 1 1 0 1 1 1 0 1 1 1 1 0 1 1 1 0 0 0.001294744
363 26778 1526 0 1 1 1 0 0 1 0 1 0 1 1 1 1 1 1 0 1 1 1 0.002999106
364 18030 1708 1 1 1 1 1 1 1 0 1 0 1 1 0 0 1 0 1 1 0 0 0.002898958
365 14156 678 0 0 1 0 1 0 1 1 0 1 0 0 0 1 0 0 0 0 1 1 0.012171509
366 24983 1827 1 1 1 1 1 1 1 1 1 1 0 1 1 0 1 1 1 0 1 0 0.001288689
367 20766 1201 0 0 1 1 1 1 1 1 1 0 0 1 1 1 1 0 1 1 1 1 0.003308019
368 21301 2215 1 1 1 1 1 1 1 1 1 1 1 1 1 0 0 1 0 1 0 1 0.000568776
369 23858 1986 1 1 1 1 1 1 0 0 1 1 1 0 1 1 1 0 1 1 1 1 0.000870337
370 3230 69 0 1 1 0 0 0 0 0 0 0 0 0 0 0 0 0 0 0 0 0 0.000396395
371 21477 1166 1 1 1 1 0 1 1 1 0 1 1 1 0 1 0 0 0 1 0 1 0.004107531
372 11289 388 0 0 0 0 0 1 1 1 0 0 0 0 0 1 0 1 0 1 0 0 0.003394994
373 17079 690 1 0 1 0 1 1 0 0 1 0 1 0 0 0 1 0 1 0 1 0 0.006517103
374 22014 1040 0 0 1 0 1 1 1 1 0 1 1 1 1 1 0 0 1 1 1 1 0.006724806
375 23237 1677 1 1 1 1 1 0 1 0 1 1 1 0 1 1 1 1 1 1 1 0 0.001580988
376 21375 1370 1 0 0 1 0 1 1 1 1 1 0 0 1 1 1 1 1 0 1 0 0.006426583
377 29029 2300 1 1 0 1 1 1 1 1 1 1 1 1 1 1 1 1 1 1 1 1 0.000206485
378 8495 380 1 0 0 0 0 0 0 0 0 0 0 1 1 1 0 0 0 0 1 0 0.002005857
379 20914 2182 1 1 0 1 1 0 1 1 1 1 1 1 1 1 1 1 1 0 1 0 0.001279024
380 5535 215 0 0 0 0 1 0 0 1 0 0 0 0 0 0 0 0 0 0 1 0 0.000966653
381 16863 985 0 0 1 0 1 1 0 0 1 1 1 0 0 0 0 0 1 1 1 1 0.01529628
382 24566 1625 1 0 1 1 1 1 0 1 1 1 0 1 1 0 1 1 1 1 1 1 0.002432836
383 9746 526 1 1 0 1 1 1 0 0 0 0 1 1 0 0 0 0 0 0 0 0 0.006069671
384 22664 2117 1 1 1 0 1 1 1 1 1 1 1 1 1 1 1 1 1 1 1 1 0.00042266
385 23081 2222 1 1 1 1 1 1 0 0 1 1 1 1 1 1 1 1 1 1 0 1 0.000625216
386 2206 74 0 0 0 0 0 0 0 0 0 0 0 0 0 0 0 0 1 0 0 0 0.00022457
387 26815 2483 1 1 1 1 1 1 1 0 1 0 1 1 1 1 1 1 1 1 1 1 0.000522228
388 18791 937 0 0 1 1 0 1 1 0 0 1 0 1 0 1 0 1 0 1 1 1 0.01706912
389 2451 38 0 0 0 0 0 0 0 0 0 0 0 0 0 0 0 0 0 0 0 1 0.000160131
390 27545 2446 1 1 1 1 1 1 1 1 1 1 1 1 0 1 1 1 0 1 1 1 0.000549896
391 15552 1097 1 0 1 1 0 0 0 0 1 0 1 1 1 0 1 0 1 0 0 1 0.010099875
392 30067 1887 1 1 1 0 0 1 1 1 0 1 1 1 1 1 1 1 1 1 1 1 0.000861486
393 14390 522 0 1 0 0 1 0 1 0 0 0 0 1 0 1 0 0 1 0 1 0 0.005172467
394 24009 1964 0 1 1 0 1 1 0 1 1 0 0 1 1 1 1 0 1 1 1 1 0.006224932
395 25228 1852 1 1 1 1 0 1 1 0 1 1 0 1 1 1 1 1 1 0 1 1 0.001064502
396 27402 1767 1 1 1 1 1 1 1 1 1 1 1 1 1 1 1 1 0 1 1 1 0.000208105
397 27207 2217 1 1 1 0 1 1 1 1 1 1 1 1 1 1 1 1 0 1 1 1 0.000469158
398 17406 600 0 0 0 0 0 1 0 0 0 1 1 1 1 1 1 1 1 1 1 0 0.006480222
399 20608 1667 1 1 1 0 1 1 0 1 1 1 1 1 1 1 0 0 1 1 1 1 0.001380527
400 23138 1720 1 1 1 1 1 0 1 0 1 1 1 1 1 1 1 1 1 1 0 0 0.001038108
401 27176 1662 1 1 1 1 1 0 1 1 1 1 1 1 0 1 1 1 1 1 1 1 0.000684603
402 10422 330 0 1 0 0 0 1 0 1 0 0 1 0 0 0 1 1 0 0 0 0 0.001821686
403 18706 510 1 0 1 1 0 0 1 1 1 1 0 0 1 1 0 0 1 0 1 1 0.003125556
404 33433 2590 0 1 1 1 1 1 1 1 1 1 1 1 1 1 1 1 1 1 1 1 0.000300836
405 22900 1123 0 1 0 1 1 1 0 1 1 0 1 1 1 1 1 0 1 1 1 0 0.00270885
406 20013 1254 0 1 1 0 1 1 1 0 1 0 0 0 1 0 1 1 1 1 0 1 0.023019512
407 23126 2169 1 1 1 1 1 1 1 1 1 1 1 1 1 1 1 0 1 1 1 1 0.000208582
408 11120 520 1 1 1 0 0 0 1 1 0 0 0 1 0 1 0 1 0 0 0 0 0.003919372
409 21840 2155 1 1 1 1 1 1 1 1 1 1 1 1 1 0 1 1 1 1 1 1 0.000687719
410 23681 2401 1 1 1 1 1 0 1 1 1 1 1 1 1 1 1 1 1 1 1 1 0.000328535
411 13812 434 0 0 1 1 0 0 0 1 1 1 0 0 0 0 1 0 0 1 1 0 0.01144967
412 20154 1490 1 0 0 0 1 0 0 1 1 0 1 1 1 1 1 1 1 1 0 1 0.009773812
413 12694 901 1 0 0 0 0 0 0 1 1 0 1 1 1 1 1 0 0 0 1 0 0.012111552
414 25078 1892 1 0 1 1 1 1 1 0 1 1 1 1 1 1 1 1 1 1 1 0 0.001263705
415 23311 2085 1 1 0 1 1 0 1 1 1 1 1 1 1 1 1 1 1 1 1 1 0.000675447
416 18341 1355 1 0 1 1 1 0 0 1 0 0 1 1 1 0 0 1 1 1 1 1 0.011036819
417 21095 1016 1 1 1 1 0 1 0 1 1 1 1 0 1 1 1 0 1 1 1 1 0.002062917
418 20096 2785 1 1 1 1 1 0 1 1 1 1 1 1 1 1 1 1 1 1 1 1 0.000314146
419 18464 937 1 1 0 1 0 1 0 1 1 1 1 0 0 0 1 0 0 0 1 0 0.005622296
420 26945 2854 1 1 1 1 1 0 1 1 1 1 1 1 0 1 1 1 1 1 1 1 0.000489606
421 17155 751 1 1 0 1 1 1 1 0 1 1 0 0 1 1 1 1 0 0 0 1 0.002504532
422 15421 713 0 0 0 0 1 0 1 1 0 1 0 1 0 1 1 1 0 0 1 1 0.028903789
423 14807 610 1 1 0 0 0 1 1 1 1 0 1 0 1 0 1 0 1 0 0 0 0.004953897
424 22249 1978 1 1 1 1 1 1 0 1 1 1 1 1 1 0 1 0 0 1 0 0 0.004061556
425 18212 1536 1 1 1 1 1 1 1 1 1 1 1 1 0 1 1 0 1 1 0 1 0.000587886
426 8212 287 0 1 0 0 1 0 0 0 0 0 0 0 0 1 0 1 1 0 0 0 0.001701546
427 19737 718 1 0 0 1 1 0 1 1 0 1 0 1 1 0 1 0 0 0 1 1 0.003091187
428 21684 1306 1 1 0 1 0 1 0 1 1 1 1 0 0 1 0 1 0 0 1 1 0.007724153
429 21118 1550 1 1 0 1 1 0 1 1 1 0 0 0 1 1 1 1 1 1 1 1 0.004931744
430 28753 2001 1 1 1 1 1 1 0 1 1 1 1 1 1 1 1 0 1 1 1 1 0.000470451
431 6012 228 0 0 0 0 0 0 0 0 0 1 0 0 0 1 1 1 0 0 0 0 0.000788813
432 25868 2037 1 1 1 1 1 1 1 1 1 1 1 1 1 1 1 1 1 1 1 0 0.000246815
433 21553 964 1 1 1 0 0 0 1 1 0 0 0 1 1 0 0 1 1 1 1 1 0.012722153
434 23948 1228 0 1 1 0 1 1 0 1 0 0 1 1 1 1 1 0 0 1 1 1 0.00561281
435 16183 605 0 1 0 1 1 1 0 1 0 1 1 1 0 0 0 1 1 0 0 1 0.010018647
436 19456 1186 0 0 1 0 1 0 0 0 1 1 1 0 1 1 1 1 1 0 0 1 0.013058359
437 17007 1300 1 1 1 0 0 0 0 1 1 0 1 0 1 1 0 0 0 1 0 0 0.017548413
438 19173 891 1 1 0 1 0 0 0 0 1 1 0 0 1 1 1 1 1 1 1 1 0.004220763
439 22636 1862 1 1 1 1 1 1 1 0 1 0 1 1 1 1 1 1 1 1 1 1 0.000405879
440 23058 1130 1 1 1 1 1 0 1 0 1 0 0 1 0 0 1 1 1 1 1 1 0.006578505
441 19710 1410 1 0 1 1 0 0 1 0 1 1 1 0 1 0 1 0 1 1 1 1 0.010199237
442 20666 1958 1 1 1 1 0 1 0 1 1 1 1 0 0 1 1 1 1 1 1 0 0.001564536
443 24123 2234 1 1 1 1 1 1 1 1 1 1 1 1 1 1 1 1 1 0 1 1 0.00027922
444 15074 1201 0 1 1 0 0 1 1 1 0 1 0 1 1 1 1 1 0 1 0 0 0.007578263
445 10367 340 1 0 0 0 0 0 1 0 0 0 1 1 1 0 1 0 0 0 0 0 0.008890998
446 22166 1423 1 1 1 1 0 0 1 1 1 1 1 1 0 1 1 0 1 1 1 1 0.000790759
447 26145 1716 0 0 1 1 1 1 1 0 0 1 1 1 1 1 1 1 0 1 1 1 0.008913207
448 23116 1394 1 0 1 1 1 1 1 0 0 0 1 1 0 1 1 0 0 1 1 1 0.011896423
449 21632 1642 1 1 1 1 1 1 1 1 1 1 1 0 0 1 0 1 1 0 1 0 0.001490786
450 19223 1611 1 0 1 0 1 0 1 0 0 1 1 1 1 0 0 1 1 1 1 1 0.008097222
451 16061 848 1 0 0 1 1 1 1 0 0 1 1 0 0 0 0 1 0 1 0 1 0.020016137
452 16494 509 1 0 1 0 0 0 1 0 1 0 0 1 1 0 1 0 0 0 1 0 0.004178348
453 23017 1274 1 0 1 1 1 0 1 1 1 1 0 0 0 1 1 0 1 0 1 1 0.007937695
454 17648 1336 1 0 1 1 0 0 1 1 1 0 1 0 1 0 1 1 0 1 0 1 0.006836436
455 26894 1341 1 1 0 1 1 0 0 1 1 1 1 1 0 1 1 1 0 1 1 1 0.001557838
456 18681 1023 0 1 0 1 0 1 0 1 1 1 0 0 1 0 1 1 0 1 0 1 0.021911249
457 2151 1 0 0 0 0 1 0 0 0 0 0 0 0 0 0 0 0 0 0 0 0 0.000170445
458 17230 698 0 1 1 1 0 1 0 1 1 0 0 1 0 1 0 1 0 1 1 0 0.00309254
459 24281 2082 1 1 1 1 1 1 1 1 1 1 1 1 1 1 1 1 1 1 0 1 0.000208227
460 19002 1033 1 0 0 0 0 1 0 1 1 1 1 0 1 1 0 1 1 1 1 1 0.011988278
461 21981 2050 0 1 1 0 1 1 0 1 1 1 1 1 1 1 1 1 1 1 1 1 0.00065871
462 22899 2269 1 1 1 1 1 1 1 1 1 1 1 0 1 1 1 1 1 1 1 1 0.000278739
463 28197 1747 1 1 0 1 1 1 1 1 1 1 0 1 1 1 1 1 1 1 1 1 0.000654315
464 24019 1529 1 0 1 1 1 1 1 0 0 0 0 1 1 1 1 1 0 1 1 1 0.01945333
465 12124 360 0 0 1 0 0 0 0 0 1 1 1 0 0 1 1 0 0 1 0 0 0.006177857
466 19744 894 1 1 1 1 1 1 1 1 0 1 0 1 0 1 1 1 1 1 0 0 0.001015931
467 26098 2354 1 1 1 1 1 0 1 1 1 1 1 1 1 0 1 1 1 0 1 1 0.001063654
468 22963 1516 1 1 1 0 1 1 1 1 1 0 0 1 0 1 1 1 0 1 1 1 0.001627302
469 25698 2071 1 1 1 1 1 1 1 1 1 1 1 1 0 1 1 1 1 1 1 1 0.000531187
470 10177 344 1 1 0 0 0 0 0 0 1 1 0 0 1 0 0 0 0 1 1 0 0.003274834
471 16946 1093 0 0 1 0 1 0 0 1 1 1 1 0 0 1 1 0 1 0 1 1 0.028176676
472 19900 1596 1 0 0 0 0 0 1 1 0 1 1 1 0 1 1 1 1 1 0 1 0.00770876
473 19917 1123 0 1 0 1 0 0 1 1 1 1 0 0 1 1 1 1 1 0 0 1 0.006813133
474 14463 608 0 1 0 1 0 0 1 1 1 0 1 0 0 1 0 1 1 1 0 0 0.010472664
475 15259 467 0 0 0 1 0 0 0 1 0 1 0 0 1 1 1 0 0 1 1 0 0.002576088
476 18752 1600 1 0 1 1 1 1 0 1 0 1 1 0 1 1 1 1 0 0 1 0 0.005818046
477 11 3 0 0 0 0 0 0 0 0 1 0 0 0 0 0 0 0 0 0 0 0 0.000199419
478 24526 2039 1 1 1 1 1 1 1 1 1 1 1 0 0 0 1 1 1 1 1 0 0.000768532
479 23921 2052 0 1 1 1 1 1 1 1 1 0 1 1 1 1 1 1 1 0 1 1 0.000413829
480 29006 2113 1 1 1 0 1 0 1 1 1 1 1 0 1 1 1 1 1 0 1 1 0.00098488
481 18695 1589 0 1 1 1 0 1 0 1 0 1 0 1 0 0 0 1 1 0 1 1 0.012971738
482 22054 1427 1 1 1 1 1 1 0 1 1 0 1 1 1 1 1 1 1 0 1 1 0.001560074
483 10151 254 0 0 0 1 1 1 0 0 0 0 1 0 0 1 0 0 0 0 1 0 0.00092296
484 25036 2255 1 1 1 1 1 1 1 1 1 1 1 1 0 1 1 1 1 1 1 1 0.000498884
485 27918 1625 0 1 1 1 1 1 1 1 0 1 1 1 1 1 1 1 1 1 1 0 0.000510007
486 21635 2456 1 0 1 0 1 1 1 1 1 1 1 1 0 1 1 1 0 1 1 0 0.001357649
487 12231 529 0 0 0 1 0 0 1 1 0 0 0 1 0 0 1 1 1 0 0 0 0.005910374
488 18516 1358 1 0 0 1 1 1 1 1 0 1 0 0 0 1 0 1 1 1 1 1 0.008240005
489 13496 644 1 1 0 0 0 1 1 1 1 0 0 0 0 1 0 1 0 1 0 0 0.013793564
490 15100 573 1 1 0 0 0 1 1 0 0 0 1 0 1 1 0 0 0 0 1 1 0.003855896
491 20725 1522 1 1 1 1 1 1 1 0 1 0 1 0 1 1 0 1 1 1 0 1 0.002221857
492 23189 2509 1 1 1 1 1 1 1 1 1 1 1 1 1 0 1 1 1 1 1 1 0.000143602
493 23587 1133 1 0 0 1 1 1 0 1 1 1 1 1 1 1 1 1 0 0 1 0 0.001227828
494 0 0 0 0 0 0 0 0 0 0 0 0 0 0 0 0 0 0 0 0 0 0 0.000108378
495 12450 466 1 0 0 1 1 0 0 1 0 0 0 1 0 1 1 0 0 1 1 0 0.004418719
496 4851 96 0 0 0 0 0 1 0 0 0 0 0 0 0 1 1 0 0 0 0 0 0.000310179
497 6256 125 0 0 0 0 0 0 0 1 0 0 0 0 0 0 0 0 1 1 0 0 0.00033567
498 23883 2698 1 1 0 1 1 1 1 0 1 1 1 1 1 1 1 1 1 1 1 1 0.000322663
499 26504 2364 1 1 1 1 1 0 1 1 1 1 1 1 1 1 0 1 1 1 1 1 0.00038596
500 16897 1081 0 1 1 1 1 0 0 0 0 0 0 0 1 0 1 1 1 0 1 0 0.027451236
