1 18714 1294 1 1 0 1 1 1 0 0 1 0 1 1 0 1 1 1 1 0 1 1 0 1 0.020052747
2 18216 550 1 1 0 0 1 0 0 0 1 1 1 1 0 0 0 1 0 1 0 0 0 0 0.024265863
3 25069 1778 1 1 1 0 0 0 1 1 0 1 1 1 1 0 1 1 0 1 1 1 1 0 0.016060435
4 28721 2019 1 0 0 0 1 1 1 1 0 1 1 0 1 1 0 1 1 1 1 0 1 1 0.004764528
5 26578 1928 1 1 0 1 1 1 1 1 0 1 1 1 1 1 1 1 0 1 1 1 0 0 0.001603819
6 27268 2428 1 1 0 1 1 1 1 1 1 0 1 1 1 1 1 1 0 1 1 1 1 1 0.001651569
7 14610 436 0 0 1 1 0 0 0 0 0 1 1 0 0 0 0 0 0 0 1 1 1 0 0.008950084
8 21615 1072 1 1 1 0 1 1 1 1 0 1 1 1 0 1 1 0 0 1 0 0 1 0 0.013247303
9 26749 1823 1 0 1 1 1 0 1 1 1 1 1 1 1 0 1 0 1 1 1 1 1 0 0.005621349
10 17445 683 1 1 0 0 1 0 0 0 0 1 1 1 0 0 1 0 0 0 1 1 1 1 0.017732461
11 29721 1904 1 0 1 1 1 1 1 1 1 1 1 1 1 1 1 1 1 1 1 1 1 1 0.000171784
12 21787 1321 0 1 1 1 0 1 0 0 1 0 1 1 1 1 1 0 1 0 0 0 1 1 0.087635543
13 31767 1777 1 1 1 1 1 1 1 1 1 1 0 1 1 1 1 1 0 1 1 1 1 1 0.000861266
14 29608 2337 1 1 1 1 1 1 1 1 1 1 0 1 1 1 1 1 1 0 1 1 0 1 0.000539438
15 21241 1578 1 0 0 1 1 1 1 0 1 1 0 1 1 1 1 1 1 0 1 1 1 1 0.003529676
16 14981 799 0 0 1 1 1 0 0 1 1 0 1 0 1 0 0 1 0 0 0 0 1 0 0.022848031
17 25923 1883 1 1 1 0 0 1 1 1 1 1 1 1 0 1 1 1 1 0 1 1 1 1 0.00221372
18 25078 1366 1 1 0 0 1 1 1 1 0 0 0 1 0 1 1 1 1 1 1 1 1 1 0.006154117
19 28140 2525 1 1 1 1 1 1 1 1 1 1 1 0 1 1 1 1 1 1 1 1 1 1 0.000468006
20 1936 5 0 0 0 0 0 0 0 0 0 0 0 0 0 0 0 0 0 0 0 0 0 1 0.000212142
21 22879 1058 0 0 1 1 0 1 0 1 1 1 1 0 1 1 1 1 1 0 0 1 0 0 0.023941166
22 10567 307 0 1 0 0 0 0 1 1 0 0 0 1 0 0 0 0 0 0 1 0 1 1 0.002099818
23 28931 2389 1 1 1 1 1 1 1 1 1 0 1 1 1 1 1 1 1 1 1 1 1 0 0.000385097
24 23023 1046 1 0 1 1 1 1 1 1 0 0 1 0 1 1 0 0 0 1 0 1 1 0 0.010689056
25 26441 1804 1 1 1 0 0 1 1 1 1 1 1 1 1 0 0 1 1 1 0 1 0 1 0.004886702
26 32125 2408 1 1 1 1 1 0 1 1 1 1 1 1 1 1 1 1 1 1 1 1 1 1 0.000498726
27 25301 2211 1 1 1 0 1 1 1 1 1 1 1 1 1 1 1 1 1 1 1 1 1 1 0.000252876
28 25892 2611 1 0 1 1 1 1 1 1 1 0 1 1 1 1 1 1 1 1 1 1 0 1 0.000633398
29 1393 14 0 0 0 0 0 0 0 0 0 0 1 0 0 0 0 0 0 0 0 0 0 1 0.00022447
30 22400 2060 1 1 1 1 1 1 1 0 1 1 1 1 1 1 0 0 1 0 0 0 1 1 0.002031908
31 13057 993 1 0 1 1 0 0 0 0 0 0 0 1 0 1 0 1 1 0 1 1 0 0 0.092000038
32 15844 1624 1 0 0 1 0 1 1 1 0 1 1 1 1 0 1 1 1 1 0 1 0 0 0.011031931
33 14168 573 1 0 0 1 1 0 1 0 0 0 1 0 0 1 1 0 0 0 1 1 1 0 0.023693556
34 18157 1275 0 1 1 0 0 1 0 1 1 1 1 1 0 0 0 0 1 1 0 0 1 0 0.0619218
35 28982 1331 1 1 1 0 1 1 0 1 1 1 1 0 1 1 1 1 0 1 1 1 1 0 0.007709612
36 22748 1929 1 1 1 1 1 1 0 1 1 0 1 0 1 1 1 1 1 1 1 0 1 1 0.002534017
37 23719 2385 1 1 1 1 0 1 1 1 1 1 1 1 1 1 1 1 1 1 1 1 1 1 0.000424093
38 27843 2460 1 1 1 1 1 1 1 1 1 0 1 1 1 1 1 1 1 1 1 1 1 1 0.000353142
39 23422 2106 1 1 1 1 1 1 1 1 0 1 1 1 1 0 1 1 0 0 1 1 1 1 0.002767129
40 20599 1739 1 1 1 1 1 1 0 0 1 0 0 1 0 1 1 1 1 1 1 0 0 1 0.008227434
41 20735 834 1 1 1 0 1 0 0 1 0 0 1 1 0 0 1 1 0 1 1 0 0 0 0.030412547
42 5144 234 0 0 0 0 0 0 0 0 0 0 0 0 0 0 0 1 0 1 0 0 0 1 0.001012648
43 7300 291 0 1 0 0 0 0 0 0 0 1 0 0 0 0 0 1 0 1 0 0 0 0 0.00117055
44 22191 1512 1 1 1 1 1 1 1 1 1 0 0 1 0 1 1 1 0 0 1 1 0 0 0.006196496
45 21476 1314 1 0 1 0 1 0 1 0 0 1 1 1 1 0 0 1 1 0 1 1 1 1 0.02584508
46 26974 1285 1 1 1 1 0 1 0 1 0 1 1 1 1 1 0 1 1 0 1 0 1 1 0.007117373
47 28041 2545 1 1 1 1 1 1 0 1 1 1 1 1 1 1 1 1 1 1 1 1 0 1 0.00084568
48 8100 383 0 1 0 0 1 0 0 1 0 1 0 0 1 0 0 0 0 0 0 0 1 0 0.004224265
49 15847 776 1 1 1 1 0 1 0 1 0 0 0 0 0 0 1 0 0 0 1 1 1 0 0.046576499
50 21850 1272 1 0 1 1 0 0 1 0 0 1 1 1 1 1 0 1 0 0 1 1 0 1 0.0241288
51 909 5 0 0 0 0 1 0 0 0 0 0 0 0 0 0 0 0 0 0 0 0 0 0 0.000158039
52 18016 924 0 0 0 0 0 1 1 0 1 1 1 1 0 1 0 1 1 1 0 1 0 1 0.024754174
53 22067 1553 0 0 1 1 0 1 0 0 1 0 1 1 0 1 1 0 0 1 1 1 1 1 0.084524764
54 18122 1182 0 1 0 1 1 0 1 1 0 0 0 0 1 1 0 1 1 1 1 1 0 0 0.061042326
55 22122 1553 1 1 1 1 1 0 1 0 0 0 1 1 0 1 1 1 0 1 0 0 1 1 0.008927034
56 25964 1771 0 1 1 0 1 0 1 1 1 0 1 1 1 1 0 0 1 1 1 1 1 1 0.019648753
57 22796 2234 1 1 1 1 1 0 1 0 1 1 1 1 1 1 1 1 1 1 1 1 1 1 0.000425371
58 20241 1094 1 0 1 1 0 1 0 1 1 1 1 0 1 1 0 0 0 1 1 0 1 0 0.02922284
59 21970 1264 0 0 1 1 1 0 1 0 1 1 0 1 1 0 0 0 1 1 1 1 1 0 0.049009723
60 2753 76 0 0 0 0 0 1 0 0 0 1 0 0 0 0 0 0 0 1 0 0 0 0 0.000369471
61 27326 2105 0 1 1 0 1 1 1 1 1 0 0 1 1 1 1 1 0 1 1 1 0 1 0.004232007
62 19488 603 1 0 1 0 0 0 1 1 0 1 0 1 0 1 0 0 1 0 1 1 0 0 0.020795685
63 28392 1825 1 1 1 1 1 1 1 1 1 1 0 1 0 1 1 1 1 1 1 1 1 1 0.000631661
64 24617 1766 1 1 1 1 1 1 0 0 1 0 1 1 1 0 1 1 1 1 1 0 0 1 0.003718875
65 23104 1487 1 1 1 1 0 1 0 0 0 1 0 1 1 0 1 0 1 1 1 1 1 0 0.043132937
66 24095 1777 1 0 1 1 0 0 1 1 0 1 1 1 1 1 1 1 1 0 0 1 1 1 0.004376906
67 23209 1746 1 0 1 1 0 1 0 1 1 1 0 0 1 0 1 1 0 1 1 1 1 1 0.010371152
68 14710 1346 0 1 0 0 1 1 1 0 1 0 0 1 1 0 0 1 0 1 0 0 1 0 0.052986943
69 18239 1402 0 1 1 0 1 1 0 1 1 0 0 0 1 0 1 1 1 0 1 1 0 1 0.140096145
70 20894 885 0 1 1 1 0 0 1 0 1 0 1 0 0 1 0 0 1 1 0 1 0 1 0.048562073
71 15148 1449 1 0 1 0 0 1 1 1 1 1 0 0 0 1 0 1 0 0 0 0 1 1 0.023329152
72 18279 831 1 1 0 0 0 0 0 1 0 1 0 0 1 1 0 1 0 1 1 1 1 1 0.04882332
73 27969 1733 0 1 0 1 1 1 1 1 0 1 1 1 0 1 1 1 1 1 1 1 1 1 0.001048997
74 17084 779 1 0 0 1 0 0 0 1 1 1 0 0 1 1 1 0 1 1 0 1 0 0 0.031905184
75 6161 128 0 0 0 1 0 0 0 0 0 0 0 0 0 0 1 0 1 0 0 0 0 1 0.000225675
76 19058 1183 1 0 1 1 0 1 1 1 0 1 1 0 1 0 0 1 1 0 0 1 1 1 0.028217909
77 25850 2427 1 1 1 0 1 1 1 1 1 1 1 1 1 1 0 1 1 1 1 1 1 1 0.000357896
78 26607 2722 1 1 1 1 1 1 0 1 1 1 0 1 1 1 1 1 1 1 1 1 0 1 0.000566952
79 10534 350 0 0 0 0 0 1 1 0 1 0 0 0 1 0 1 1 0 0 0 0 0 0 0.002270451
80 25700 1664 1 1 1 0 1 0 0 1 1 1 1 1 1 1 0 1 1 0 0 1 0 1 0.011558438
81 19069 870 1 1 0 0 1 1 0 0 1 1 0 0 0 0 1 1 1 0 1 0 0 1 0.0235663
82 20571 2244 1 1 1 1 1 1 1 1 1 1 1 1 1 1 1 0 1 1 1 0 1 1 0.000422147
83 11944 443 0 1 0 0 0 0 0 0 1 0 1 0 0 0 1 0 1 1 0 0 0 0 0.006234
84 33484 2644 1 1 1 1 1 1 1 1 1 1 0 1 1 1 1 1 1 1 1 1 1 1 0.000368263
85 29758 2258 1 1 1 1 0 1 1 1 1 1 1 1 1 1 1 0 1 1 1 1 1 0 0.000695967
86 28025 2265 1 1 1 1 1 1 1 1 1 1 0 1 1 1 1 1 1 1 1 1 1 1 0.000432242
87 22493 2232 1 1 1 0 1 1 1 1 1 1 0 0 1 1 1 1 1 1 1 0 1 1 0.001204413
88 29281 2353 0 1 1 1 1 0 1 1 1 1 1 1 1 1 1 1 1 0 1 0 1 1 0.000711511
89 21055 1910 1 1 1 1 1 1 0 1 1 0 1 1 1 0 0 0 1 1 1 1 1 0 0.006394386
90 12057 381 1 0 0 1 1 1 0 1 0 0 0 0 0 0 0 0 0 0 0 0 1 1 0.002813763
91 24171 2208 1 1 1 1 1 1 0 1 1 1 0 1 0 1 0 1 1 1 1 1 1 1 0.0022552
92 23693 2259 0 1 1 1 1 1 1 1 1 1 1 1 0 1 1 0 0 1 1 1 1 1 0.001690888
93 21521 1530 1 1 1 1 1 1 0 1 1 1 1 0 1 1 0 1 0 1 1 0 1 1 0.00352898
94 15596 782 1 1 0 1 1 0 0 1 1 0 0 1 1 0 0 0 1 0 1 0 0 0 0.014804799
95 28153 2532 1 1 1 1 1 0 1 1 1 1 1 1 1 1 1 1 1 1 1 1 1 1 0.000235523
96 23771 1952 0 0 1 1 1 1 1 1 1 1 1 1 1 1 1 0 1 0 1 1 1 1 0.003889752
97 10903 284 0 0 1 0 0 0 1 0 0 0 0 1 0 0 0 1 0 0 0 0 1 1 0.003259524
98 23280 888 1 1 0 1 0 0 1 1 0 1 0 1 0 0 1 1 1 0 1 1 1 0 0.016848101
99 19414 1390 1 1 1 0 0 0 1 0 1 1 1 1 1 1 1 1 0 1 0 1 0 0 0.017449678
100 25913 2541 1 1 1 1 1 1 1 1 1 1 1 1 1 1 1 1 1 0 1 1 1 1 0.000329566
101 20243 1517 1 0 0 0 1 1 1 1 0 1 0 1 0 1 1 0 1 1 0 1 1 0 0.028318382
102 4719 133 1 0 0 0 0 0 0 0 0 0 0 0 0 0 1 0 1 0 0 1 0 0 0.00048528
103 13678 693 0 1 1 0 1 0 1 1 0 0 0 0 1 0 0 1 1 0 1 0 0 1 0.070792443
104 23446 1849 0 0 1 0 1 1 0 1 1 0 1 1 0 1 1 1 1 1 1 1 1 1 0.009182158
105 25411 929 1 1 0 1 0 1 0 1 0 0 0 1 1 0 1 0 1 1 1 1 1 1 0.041990614
106 22552 1332 0 1 1 0 1 0 1 1 1 1 0 0 1 1 1 0 1 0 1 0 0 1 0.020974944
107 25845 2051 1 1 1 0 1 1 1 1 0 1 1 1 0 1 1 1 1 1 1 1 1 1 0.000929598
108 28311 2088 1 1 1 1 1 1 1 1 0 1 1 1 1 1 1 0 0 1 1 1 1 1 0.001012321
109 12116 501 1 0 1 0 1 0 0 0 0 1 0 1 1 1 0 1 0 0 0 0 1 0 0.021470867
110 15130 958 0 0 1 0 1 1 0 1 0 0 1 1 0 0 0 1 0 1 0 1 1 0 0.072539368
111 25566 1739 1 0 1 1 1 1 1 0 1 1 1 1 0 0 1 1 1 0 0 1 0 1 0.002209007
112 30492 2616 1 1 0 1 0 1 1 1 1 1 1 1 1 1 1 0 1 1 1 1 1 1 0.000711461
113 29701 2770 1 1 0 1 0 1 1 1 1 1 1 1 1 1 1 1 1 1 1 1 1 1 0.000385965
114 23648 1573 1 0 1 1 0 0 1 1 1 1 1 1 0 1 1 1 1 1 0 1 1 0 0.001623255
115 27612 2329 1 1 1 1 1 1 1 1 1 0 1 1 1 1 1 1 1 1 0 1 1 1 0.001310676
116 18714 776 1 0 1 0 0 1 0 0 1 1 1 0 0 1 0 1 1 0 1 0 1 0 0.031328004
117 10498 290 1 0 0 0 0 1 0 0 1 0 0 0 1 0 0 0 0 0 1 0 0 0 0.002064716
118 13369 461 1 1 0 1 0 0 1 0 0 1 0 0 0 1 1 0 1 0 0 0 1 0 0.007638752
119 26254 2227 1 1 1 1 0 0 1 1 1 0 1 1 1 1 1 1 1 1 1 1 1 1 0.001053671
120 27370 2442 1 1 1 1 1 1 1 1 1 1 1 1 1 1 0 1 1 1 1 1 1 1 0.00040701
121 8373 400 0 1 1 1 0 0 1 0 1 0 0 0 0 0 0 0 0 0 0 0 0 1 0.005987999
122 15516 966 0 1 0 1 0 0 0 1 0 0 1 1 1 0 0 1 1 0 0 0 1 0 0.041419066
123 19165 2377 1 1 0 1 1 1 1 1 1 0 1 1 1 1 1 1 1 1 1 1 1 1 0.000623955
124 21081 1663 1 0 1 1 1 1 0 1 1 0 0 1 1 0 1 1 0 1 1 0 1 1 0.019364467
125 29753 1971 0 0 1 1 1 1 1 1 0 1 0 1 1 1 1 1 1 1 1 1 1 1 0.003724899
126 14359 550 1 1 1 0 1 0 0 1 0 0 0 0 0 0 1 0 0 1 1 1 0 0 0.03287137
127 18803 926 1 1 0 0 0 1 1 0 1 0 1 0 1 0 0 1 0 1 1 0 0 0 0.049884264
128 16765 823 0 1 0 1 1 0 1 1 1 1 1 0 1 0 0 1 0 1 1 0 1 0 0.013463867
129 4325 34 0 0 0 0 0 0 0 0 0 0 1 0 0 0 1 0 0 0 0 0 0 0 0.000291663
130 22774 1348 1 1 0 1 1 1 1 0 1 0 1 0 1 0 0 0 1 0 0 1 1 1 0.050903588
131 8431 155 0 0 0 0 0 0 0 1 1 0 0 0 1 1 0 0 0 0 1 0 0 0 0.000882042
132 25928 1292 0 0 1 1 1 1 0 1 1 1 1 1 0 0 0 0 1 1 1 1 1 1 0.019688271
133 22411 1532 1 0 0 1 1 0 1 1 1 1 0 1 0 1 1 1 0 1 1 0 1 1 0.012975073
134 15193 746 0 0 1 0 1 0 0 1 1 1 1 0 1 0 0 0 1 0 0 0 0 1 0.02844705
135 20547 1344 1 1 1 1 1 1 1 0 1 1 1 0 1 1 1 0 0 0 1 1 1 1 0.030548674
136 24961 1868 1 1 1 1 1 1 1 1 0 1 1 1 1 1 0 1 1 1 1 1 0 1 0.001041698
137 18674 1228 1 1 1 0 1 0 0 1 0 1 0 0 0 1 0 1 1 0 1 1 1 0 0.035496426
138 30251 2445 1 1 1 1 0 1 1 1 1 1 1 1 1 1 1 1 1 1 1 1 0 1 0.000216148
139 25608 2139 1 1 1 1 1 1 1 0 1 1 0 1 1 1 1 1 1 1 1 1 1 0 0.000378631
140 25030 2267 1 1 1 1 1 1 1 0 0 1 1 1 1 1 1 1 1 1 1 1 1 0 0.000786641
141 11694 437 0 0 1 0 0 0 1 1 1 0 0 1 1 1 0 0 0 1 0 0 0 0 0.006205621
142 20238 982 1 1 1 1 0 0 0 1 1 0 0 0 0 0 0 1 1 1 1 1 1 0 0.035299045
143 19687 2013 1 1 1 1 1 0 0 1 1 1 1 0 1 1 1 1 1 1 1 1 1 1 0.00201365
144 6636 75 0 0 0 1 0 0 0 0 0 0 0 0 0 1 0 0 0 0 0 1 0 0 0.00026353
145 28551 2414 1 1 1 1 1 1 0 1 1 1 1 1 1 1 1 1 1 1 1 1 0 1 0.000310479
146 15850 748 1 0 0 1 1 1 1 1 0 1 1 1 0 0 0 0 0 0 0 1 0 0 0.025900703
147 21278 1748 0 1 0 1 1 0 1 0 1 0 0 1 1 0 0 0 1 1 1 1 1 0 0.064571302
148 26897 2749 0 1 1 1 1 1 0 1 1 1 0 1 1 1 0 1 1 1 1 1 1 1 0.001063541
149 17940 800 0 1 1 1 1 0 0 1 1 0 0 0 1 1 1 0 0 1 1 0 1 1 0.036395999
150 21644 1467 1 1 1 1 1 1 0 1 0 1 0 1 1 1 1 0 1 1 0 1 1 0 0.005086657
151 27979 2153 1 1 1 1 1 1 1 1 1 1 1 1 1 1 1 1 0 1 1 1 1 1 0.000326828
152 6517 173 0 1 0 0 0 0 0 0 1 0 1 0 0 0 0 0 0 1 0 0 0 0 0.001216446
153 32464 2546 1 1 1 1 1 1 1 1 1 1 1 1 1 1 1 0 1 1 1 1 1 1 0.000185812
154 22544 2437 1 1 1 1 1 1 1 1 1 1 1 1 1 1 1 1 1 0 1 1 1 0 0.000369495
155 26961 2643 1 0 1 1 1 1 0 1 1 1 1 1 1 0 1 1 1 1 1 1 1 1 0.000707222
156 3548 49 0 0 0 0 0 0 0 0 0 0 0 1 0 0 0 0 0 0 0 1 1 0 0.000224595
157 4385 52 1 0 0 0 0 0 0 0 0 0 0 0 0 0 1 0 0 0 0 0 0 0 0.000243634
158 21034 896 1 0 0 1 1 1 1 1 1 1 1 1 0 1 1 0 0 0 0 0 0 0 0.074507508
159 23519 1586 1 1 1 1 1 1 1 1 1 1 0 1 1 0 1 1 1 1 1 0 0 1 0.001324415
160 20427 1085 0 0 0 0 1 1 0 0 0 1 1 0 1 1 0 1 1 1 1 0 1 1 0.02278153
161 17598 1114 1 0 0 1 0 0 1 0 0 1 1 0 1 0 0 1 1 0 1 1 0 0 0.028304856
162 19044 1103 1 0 0 1 0 0 0 1 1 1 1 1 1 1 0 0 0 0 0 1 0 1 0.02176498
163 4946 166 0 0 1 0 0 0 1 0 0 0 0 0 0 0 0 0 0 1 0 0 0 0 0.000676755
164 6577 265 0 0 0 0 0 0 1 0 1 0 0 0 0 0 0 0 0 0 1 0 0 0 0.002280116
165 22394 1974 1 1 0 0 0 1 1 1 1 1 1 1 1 0 1 1 1 1 1 1 1 1 0.001614069
166 26193 2243 1 1 1 1 1 1 1 1 1 1 1 1 1 1 0 0 1 1 1 1 0 1 0.00057948
167 5372 203 1 1 0 0 0 0 0 1 0 0 0 0 0 0 0 0 0 0 1 0 0 0 0.002836953
168 6909 292 0 1 1 0 0 0 0 1 0 0 0 0 0 0 0 1 0 0 0 0 0 0 0.002192831
169 20668 2710 1 1 1 1 1 1 1 1 1 1 1 1 1 0 1 1 1 0 1 1 1 1 0.000373288
170 26656 956 1 1 1 0 1 1 1 0 1 1 0 0 0 1 0 0 1 1 1 0 1 1 0.021403886
171 14878 514 1 1 0 0 0 0 1 1 0 0 0 0 1 1 0 0 0 0 1 1 0 0 0.027270336
172 18684 532 0 0 1 0 1 1 0 1 1 0 1 1 0 1 0 0 0 1 0 0 0 1 0.031093948
173 19998 1356 1 1 0 0 1 1 0 1 1 1 1 0 0 1 1 0 1 0 1 1 0 1 0.026087205
174 16111 812 0 1 1 0 0 1 0 1 0 0 1 0 1 1 0 1 0 0 0 1 1 0 0.024795635
175 21661 2338 1 1 0 1 1 1 1 0 0 0 1 1 1 1 1 1 1 1 1 1 1 1 0.001451075
176 10068 457 0 0 1 0 0 0 0 0 1 0 1 0 0 0 0 1 0 0 1 1 0 0 0.006012793
177 21934 2243 1 1 1 1 0 1 1 1 1 1 1 1 1 1 1 1 1 1 1 1 1 1 0.000279044
178 27575 2086 1 0 1 1 0 0 1 1 1 1 1 1 1 1 1 1 1 1 1 1 1 1 0.001852588
179 15203 630 1 1 1 0 1 1 1 0 1 0 0 0 1 0 0 1 0 0 1 0 0 0 0.051537523
180 29157 2335 0 1 1 1 1 1 1 1 0 0 1 1 1 1 1 1 1 1 1 0 1 1 0.000995817
181 23850 1776 1 0 1 0 1 1 1 1 1 0 0 1 1 1 1 1 1 1 1 0 0 1 0.004439998
182 2232 41 0 0 0 0 0 0 0 0 0 0 0 0 0 0 0 0 0 0 0 0 0 1 0.000224499
183 15124 990 0 0 0 1 1 0 1 0 1 0 0 0 1 1 1 1 0 0 1 0 1 1 0.111741004
184 26134 2207 1 1 1 1 1 0 0 1 1 1 1 0 1 0 1 1 1 1 1 0 0 1 0.00423552
185 22982 1483 0 1 1 1 1 1 1 0 0 0 1 1 1 0 1 0 1 1 1 1 1 1 0.02442647
186 30750 2228 1 1 1 1 1 1 1 1 1 1 1 1 1 1 1 1 1 1 1 1 1 0 0.000127495
187 17095 1054 0 0 1 0 0 1 1 1 0 0 1 0 0 0 0 1 1 1 1 0 1 0 0.0590316
188 29278 2059 1 0 1 1 1 1 0 1 0 1 1 1 1 0 0 1 1 1 1 1 1 0 0.001686358
189 22950 2963 1 1 1 1 1 1 1 1 1 1 1 1 1 1 1 1 0 1 1 1 1 1 0.000324214
190 16660 431 0 0 1 0 1 0 1 1 1 0 0 1 1 1 0 1 0 0 1 0 0 1 0.023253153
191 24057 1811 1 0 1 1 1 1 1 0 1 0 1 1 1 1 0 1 0 1 1 1 1 0 0.002500517
192 29624 2670 1 1 1 1 1 0 1 1 1 1 1 1 1 1 1 1 1 1 1 1 1 1 0.000500476
193 6580 110 1 0 0 1 0 0 0 0 0 0 0 0 0 0 0 1 0 1 0 0 0 0 0.000299094
194 24569 2609 1 1 1 1 1 1 1 1 1 1 1 1 1 1 1 1 1 1 1 1 0 1 0.000297668
195 10327 380 0 0 0 0 0 1 1 0 0 0 0 1 0 1 1 0 1 0 0 0 0 0 0.003733768
196 18566 1665 0 1 1 1 0 1 1 0 1 0 1 1 0 0 1 1 1 0 1 1 1 1 0.013814141
197 19132 1529 0 0 1 0 1 1 1 1 0 0 1 1 0 1 1 1 0 0 0 1 1 1 0.027543668
198 22804 2122 1 1 1 1 1 1 0 1 0 1 1 1 1 1 0 1 1 1 1 1 1 1 0.001425496
199 25462 1182 1 1 1 1 0 0 1 1 1 1 1 1 0 0 1 1 0 1 0 1 1 0 0.009891638
200 31084 1922 1 1 1 1 1 1 0 1 1 1 1 1 1 1 1 1 1 1 1 1 1 1 0.000371954
201 28292 2428 1 1 1 1 1 1 0 1 1 1 1 1 1 1 1 1 1 1 1 1 1 1 0.000231892
202 2137 88 0 1 0 0 0 0 0 0 0 1 0 0 0 0 0 0 0 0 0 0 0 0 0.000139395
203 36468 2539 1 1 1 0 1 1 1 1 1 1 1 1 1 1 1 1 1 1 1 1 1 1 0.000363768
204 20519 2099 1 1 1 0 1 0 0 0 1 1 1 1 1 1 1 0 1 1 0 1 0 0 0.015493574
205 29158 1882 1 1 1 0 1 1 1 1 1 1 1 1 1 1 1 1 0 1 1 1 1 1 0.000933005
206 10419 385 1 0 0 0 0 0 0 0 1 1 1 0 0 1 0 0 0 0 0 0 1 1 0.012822158
207 22117 2099 1 1 1 1 1 1 0 1 1 1 1 1 1 1 1 1 1 1 1 1 0 0 0.000228849
208 24248 1263 1 1 1 1 1 1 0 1 1 1 0 1 0 1 0 1 0 0 0 1 0 1 0.027296014
209 23503 2323 0 1 1 1 1 1 1 1 1 1 0 1 1 1 1 1 1 1 1 0 0 1 0.000708057
210 19433 1139 1 0 1 0 0 0 1 1 1 0 1 1 0 0 0 1 1 1 1 1 0 0 0.040699822
211 28060 2766 1 1 1 1 1 1 1 1 1 0 1 1 1 1 1 1 1 1 1 1 1 1 0.00038268
212 22496 2131 1 1 1 0 1 1 1 1 1 1 1 1 1 1 1 1 1 1 1 1 1 1 0.000303248
213 19387 1388 0 0 1 1 1 0 0 1 0 0 0 0 1 0 0 1 0 1 1 1 1 1 0.08267893
214 22508 1890 1 1 1 1 1 1 1 1 1 1 1 1 1 0 0 0 1 1 1 0 0 0 0.003867804
215 26558 1544 0 1 1 1 0 1 0 0 1 0 1 1 1 1 1 1 1 1 0 1 0 1 0.007743001
216 9367 139 0 1 0 0 1 0 0 0 1 0 1 0 1 0 0 0 0 0 0 0 1 0 0.001280352
217 20786 1000 0 1 0 1 1 1 1 1 1 0 0 0 1 0 1 1 1 0 1 1 0 0 0.081418176
218 17636 773 1 1 0 0 0 0 1 1 0 0 0 1 0 1 0 1 1 0 1 1 0 0 0.019882158
219 23493 1705 1 1 1 0 1 0 1 1 1 1 0 1 1 1 1 0 0 1 0 1 0 1 0.011558092
220 17998 492 0 0 1 1 0 1 1 1 1 1 0 1 0 0 0 0 1 0 1 0 1 0 0.008338355
221 14005 1135 0 1 0 1 0 0 1 1 1 1 0 0 1 0 0 1 0 1 1 0 0 0 0.079425688
222 12330 260 1 0 0 1 1 0 0 0 0 0 1 1 0 1 1 0 0 1 0 0 1 1 0.003598687
223 29813 1874 1 1 0 1 1 1 1 1 1 1 1 1 1 0 1 1 1 0 1 1 1 1 0.000630006
224 26765 2094 1 1 1 0 1 1 1 1 1 1 1 1 1 1 0 1 1 0 1 1 1 1 0.000379737
225 21288 1677 1 0 0 1 1 0 0 0 0 1 1 0 0 1 0 1 1 0 1 1 1 1 0.073942478
226 27662 3142 1 1 1 1 1 1 1 1 0 1 1 1 1 1 1 1 1 1 1 1 1 1 0.000170328
227 26666 1569 1 1 1 1 1 1 1 1 1 0 1 1 0 0 1 1 1 1 1 1 0 0 0.00109043
228 17318 759 1 0 1 0 1 1 1 1 0 1 1 0 0 0 0 0 0 1 0 0 1 0 0.029169001
229 25145 1053 0 1 1 0 1 1 1 0 1 1 0 1 0 0 1 1 0 1 1 1 1 1 0.016794116
230 4909 87 0 0 0 1 0 1 0 0 0 0 0 1 0 0 0 0 0 0 0 0 0 0 0.000515825
231 29715 2582 1 1 1 1 1 1 1 1 1 1 1 1 1 1 1 1 0 1 0 1 1 1 0.000282169
232 24804 1584 1 0 1 0 1 1 1 0 1 1 0 0 1 0 1 0 1 0 1 1 1 1 0.010580088
233 16452 893 1 0 0 0 0 1 1 1 0 0 0 1 1 1 0 1 0 0 1 0 0 1 0.134467098
234 27215 2416 1 1 1 1 1 1 1 1 1 1 1 1 1 1 1 1 1 1 1 1 0 1 0.000158975
235 15617 1114 1 0 1 0 1 1 1 0 1 1 1 0 1 1 1 0 0 1 0 0 0 1 0.023327349
236 21805 2667 1 1 1 1 1 1 1 0 1 1 1 1 1 1 1 1 1 1 1 1 1 1 0.000203957
237 21936 1479 1 0 0 0 0 1 1 1 0 1 1 0 1 1 0 1 0 1 1 0 1 0 0.072549893
238 15962 907 0 0 1 0 1 1 0 0 1 0 1 1 1 0 0 0 1 1 0 0 1 1 0.014482327
239 25941 2044 1 1 0 1 1 1 1 1 0 1 0 1 1 1 1 0 1 1 1 1 1 1 0.000939604
240 22810 1786 1 1 1 1 1 1 1 1 1 1 1 0 0 0 1 1 0 1 1 1 1 1 0.003564118
241 26937 1809 1 1 1 0 0 0 1 1 1 1 1 1 1 1 1 0 1 0 1 1 0 1 0.002090844
242 8663 206 0 0 0 0 1 0 0 0 0 0 1 1 0 1 0 0 0 0 0 0 1 0 0.001081978
243 29728 2444 1 1 1 1 0 1 1 1 1 1 1 1 1 1 1 1 1 1 0 1 1 1 0.000414452
244 22518 2149 0 1 1 1 0 1 1 0 1 1 1 1 1 0 0 1 1 1 0 1 1 0 0.02173658
245 12768 630 1 0 0 0 1 0 1 1 0 0 0 1 0 1 0 1 0 1 0 0 1 0 0.020043077
246 25582 2011 1 1 1 1 1 0 1 1 1 0 1 1 1 1 1 0 0 0 1 1 0 1 0.005888911
247 10436 281 1 0 0 1 0 0 0 0 1 0 0 0 0 0 1 1 0 0 0 0 1 0 0.001828516
248 32540 2709 1 1 1 1 1 1 1 1 1 1 1 1 1 0 1 1 1 1 1 1 1 1 0.000288819
249 26492 1818 1 1 0 0 1 1 0 1 1 0 1 0 1 0 1 1 1 1 1 1 1 1 0.006666792
250 26806 3030 1 1 1 1 1 1 1 1 1 1 1 1 1 0 1 1 1 1 1 1 1 1 0.000254659
251 19453 1081 1 0 1 0 0 1 1 0 1 0 1 1 0 0 0 1 0 1 1 1 0 1 0.031403572
252 31702 2610 1 0 1 1 1 1 1 1 1 1 1 1 1 1 1 1 1 1 1 0 1 0 0.00067025
253 9410 464 1 1 0 0 0 0 1 0 0 1 0 0 0 0 1 0 0 0 0 0 0 1 0.011100994
254 23870 2029 1 1 1 1 1 1 0 1 1 1 1 1 0 1 1 1 1 0 1 1 1 1 0.001025725
255 12895 705 0 0 1 1 0 0 0 1 1 0 0 1 1 0 1 0 1 0 0 0 0 1 0.037555126
256 24299 1941 1 1 0 1 1 1 1 1 1 1 1 1 1 1 0 1 0 1 1 0 0 1 0.002547533
257 10865 235 0 0 0 0 0 0 0 0 1 0 0 1 1 1 0 0 1 1 0 0 0 1 0.000883622
258 29300 1740 1 1 0 1 1 1 1 1 0 1 1 0 0 1 1 1 1 0 1 0 1 1 0.003860043
259 19818 1186 1 0 1 0 1 1 0 1 0 0 0 0 0 0 1 1 0 0 1 1 0 1 0.070752362
260 10006 202 0 1 0 0 0 0 0 0 0 1 0 1 1 0 0 0 1 0 1 1 1 0 0.000607771
261 13268 639 1 0 0 0 0 0 1 0 1 1 0 0 0 1 0 0 0 0 0 1 1 1 0.008962953
262 4687 317 0 1 1 0 0 0 0 0 0 0 0 1 0 1 0 0 0 0 0 0 0 0 0.001444552
263 20983 2039 1 1 1 1 1 1 1 1 1 1 1 1 1 1 0 1 1 1 1 1 1 1 0.000240766
264 26716 1789 1 1 1 0 1 1 1 1 0 1 0 1 1 1 1 1 1 1 1 0 1 0 0.006124482
265 21178 1261 1 0 1 1 0 0 1 1 1 0 1 1 0 1 0 1 0 0 0 1 1 1 0.051383452
266 24015 1191 1 1 1 0 0 1 1 1 1 1 1 0 1 1 1 1 1 0 0 1 1 1 0.002222513
267 11727 427 0 0 1 0 1 0 1 0 0 0 0 0 0 0 1 1 0 0 0 0 1 0 0.004886478
268 26742 1889 1 1 0 1 0 1 1 1 1 0 1 1 1 1 1 1 1 1 0 1 1 1 0.000992419
269 27993 2546 1 1 0 1 1 1 1 1 1 1 1 1 1 1 1 1 1 1 0 1 1 1 0.000531553
270 20882 1239 0 1 0 1 0 1 1 0 0 0 1 1 0 1 1 1 0 1 0 1 1 1 0.018147213
271 26922 3060 1 1 1 1 1 1 1 0 1 1 1 1 1 1 1 1 1 1 1 1 1 1 0.000527621
272 23705 1443 1 1 1 1 1 0 0 1 0 1 1 1 1 1 0 1 0 0 1 1 1 1 0.00710427
273 22034 2174 0 1 0 1 0 1 1 1 1 1 1 1 1 1 1 1 1 1 1 0 1 1 0.000791765
274 12088 717 0 0 1 1 0 0 0 1 1 1 0 0 1 0 0 1 0 0 0 0 0 0 0.028253323
275 21395 1121 1 1 1 1 1 1 0 0 0 0 1 1 1 0 1 1 1 0 0 1 0 1 0.012362811
276 17358 933 0 0 1 0 0 1 1 1 0 1 0 1 1 0 0 1 1 1 1 0 0 0 0.05301369
277 23055 1729 1 0 0 0 0 1 1 1 0 0 1 1 1 1 1 1 1 0 1 1 1 0 0.025082777
278 12591 671 0 0 1 0 1 1 0 0 0 0 1 1 1 0 0 0 0 0 1 0 1 0 0.041689482
279 25192 1324 1 1 1 1 1 1 1 1 1 0 1 0 1 0 1 0 1 1 0 0 1 0 0.005404727
280 20252 1228 0 1 1 1 1 0 0 0 1 1 1 0 1 0 0 1 0 1 1 1 1 1 0.027495353
281 16468 834 1 0 0 1 1 0 1 1 0 1 1 1 1 0 0 0 0 0 0 0 1 1 0.025692274
282 19579 1325 1 1 1 1 1 0 1 1 0 0 1 0 0 1 0 1 1 1 1 1 0 0 0.03044329
283 22032 2987 0 1 1 1 1 1 1 1 1 1 1 1 1 1 1 1 1 1 1 1 1 1 0.00024771
284 25576 1857 1 1 1 1 1 1 1 1 1 0 1 0 1 1 1 1 1 1 0 0 1 0 0.0008534
285 16999 853 0 1 1 1 1 0 1 0 1 1 0 0 0 1 1 0 1 1 0 0 0 0 0.023027417
286 1525 43 0 1 0 0 0 0 0 0 0 0 0 0 0 0 0 0 0 0 0 0 0 0 0.000221468
287 25843 2511 0 1 1 1 1 1 1 1 1 1 1 1 1 1 1 0 1 1 1 1 1 1 0.000438151
288 6033 138 0 0 0 0 0 0 0 0 0 0 0 1 1 0 0 0 1 0 0 0 1 0 0.000545339
289 21005 1165 0 0 1 1 1 0 0 0 0 1 1 1 0 0 0 1 1 0 1 1 1 1 0.055813088
290 21234 1208 1 1 0 0 1 1 0 1 1 0 0 0 1 0 1 1 0 1 1 1 1 1 0.036785954
291 18730 1115 0 0 1 0 1 1 1 0 0 0 0 1 1 1 1 0 1 1 1 1 0 1 0.037348887
292 22865 1757 0 1 1 1 0 1 1 1 0 1 1 1 1 1 1 1 0 1 0 1 1 0 0.004992033
293 11444 370 0 1 0 1 1 0 0 0 1 0 0 0 0 1 1 0 0 1 0 0 0 1 0.00736306
294 22853 2221 1 0 0 1 1 1 1 1 0 1 1 0 1 1 1 1 0 1 0 1 1 1 0.001853327
295 2217 61 0 0 0 0 0 0 0 0 0 1 0 0 0 0 0 0 0 0 0 0 0 0 0.000386292
296 32135 1776 0 1 1 1 1 1 1 1 1 1 1 0 1 1 1 1 1 1 1 1 1 1 0.000841092
297 23975 1934 0 1 0 1 1 0 1 1 1 1 1 1 1 1 1 1 0 1 0 1 0 1 0.002377323
298 13211 860 0 1 1 0 1 0 0 0 0 1 0 0 1 1 1 0 1 1 0 0 1 0 0.03559849
299 29121 2486 1 1 1 1 1 0 1 1 1 1 1 1 1 1 1 1 1 1 1 1 1 1 0.000337242
300 25547 2204 1 1 1 1 1 1 1 1 1 0 1 1 1 1 1 1 1 1 1 1 1 1 0.000419836
301 16641 995 1 0 1 0 1 0 1 1 1 1 1 0 0 0 0 0 0 0 0 1 0 1 0.049494463
302 20736 1474 1 1 1 0 0 0 0 0 0 1 1 1 1 1 0 1 1 1 1 1 0 1 0.014492045
303 20082 923 1 0 1 1 1 1 0 0 1 0 1 0 0 0 0 0 1 1 1 1 0 1 0.05492194
304 28390 1927 0 1 1 1 1 1 1 1 0 1 0 0 0 1 1 1 1 1 1 1 1 0 0.004167429
305 19656 680 1 0 1 1 1 0 1 1 0 1 1 0 0 1 0 0 1 1 0 0 0 0 0.071851339
306 29449 2485 1 1 0 1 1 1 1 1 1 1 1 1 1 1 1 1 1 1 1 0 1 1 0.000335684
307 27240 1734 1 1 1 0 0 1 1 0 1 1 1 1 1 1 1 1 1 0 1 1 1 1 0.001971053
308 10062 309 1 0 0 0 0 1 0 0 0 0 0 1 1 0 0 0 0 1 0 0 0 1 0.001968351
309 29426 1986 1 1 0 1 0 1 1 1 1 1 1 1 0 1 1 0 1 1 0 1 1 1 0.002510969
310 29608 2574 1 1 0 1 1 1 1 1 1 1 1 1 1 1 1 1 1 1 1 1 1 1 0.000254253
311 15584 847 1 1 0 0 0 1 0 0 0 1 1 1 0 0 1 1 0 0 0 0 1 1 0.031533401
312 24508 2685 1 1 1 1 1 1 1 0 1 1 1 1 1 1 1 1 1 1 1 1 1 1 0.000248023
313 24723 2026 1 0 1 1 1 0 1 1 1 1 0 1 1 1 1 1 0 1 1 1 1 1 0.001703069
314 18880 1159 0 0 0 1 0 1 0 0 0 1 1 0 1 1 0 1 1 1 1 1 1 1 0.065449268
315 13397 418 1 0 0 1 0 0 0 1 0 1 0 0 1 0 0 0 1 0 0 0 1 0 0.009371608
316 22781 1164 1 0 0 1 0 1 0 1 1 1 1 0 0 1 0 1 0 1 1 1 1 1 0.025342078
317 28011 2127 0 0 1 1 1 1 1 1 1 1 1 0 1 1 0 1 1 1 1 1 1 1 0.000922016
318 24254 2487 0 1 1 1 1 1 1 1 1 0 1 1 1 1 1 1 1 1 1 1 1 1 0.000378652
319 9664 299 0 0 0 0 0 1 0 0 0 0 0 0 1 0 0 0 0 1 1 0 0 1 0.002630981
320 26136 1972 1 1 1 1 1 1 1 1 0 0 1 1 1 1 0 1 1 0 1 1 1 1 0.001990602
321 14559 569 0 0 0 1 0 0 1 0 0 1 1 0 1 0 1 1 0 1 0 0 1 1 0.029174216
322 12722 508 0 0 0 0 1 0 1 0 0 1 1 1 1 0 0 0 0 1 1 0 0 0 0.018263696
323 14591 660 1 0 0 1 0 1 1 1 0 0 0 1 1 0 0 0 0 0 0 1 0 0 0.029737276
324 21904 1931 0 1 1 1 1 1 1 0 1 1 0 1 0 1 1 1 1 1 1 1 0 1 0.005610912
325 18974 1368 1 1 1 0 0 1 1 1 1 1 0 1 1 0 0 0 1 1 0 1 0 1 0.008908981
326 26571 1637 0 1 0 0 1 1 1 1 1 1 1 1 1 1 1 0 1 1 0 1 1 0 0.011091138
327 7921 81 0 0 0 0 0 0 0 0 1 0 0 0 1 0 1 0 0 0 1 0 0 0 0.000173804
328 25046 2167 1 1 1 0 1 1 1 1 1 0 1 1 0 1 1 1 1 1 0 1 1 1 0.0010044
329 16324 1037 0 0 0 1 1 0 0 0 0 1 1 1 1 1 1 0 1 1 0 1 0 0 0.027493033
330 22435 1680 0 1 1 0 1 1 1 0 0 1 1 1 0 1 0 1 0 0 1 1 1 0 0.026717766
331 30037 2011 0 0 1 0 1 1 1 1 1 1 1 1 1 1 1 1 1 1 1 1 0 1 0.001367386
332 20679 2115 1 0 1 0 1 1 1 0 1 1 1 1 0 0 1 1 1 1 1 1 1 1 0.00221601
333 25370 2171 1 1 0 0 1 1 1 1 1 1 1 1 1 0 1 1 1 1 0 1 0 1 0.00261905
334 24443 1978 0 1 1 0 1 1 1 0 1 1 1 1 1 1 1 1 1 0 1 1 1 1 0.00140171
335 8656 147 1 1 0 0 1 0 0 0 0 1 0 0 0 0 0 0 0 0 0 1 0 0 0.001362403
336 2452 34 0 0 0 0 0 0 0 0 0 0 0 0 0 0 1 0 0 0 1 0 0 0 0.000243466
337 5445 100 0 0 0 1 0 0 0 0 0 0 1 1 1 0 0 0 0 0 0 1 0 0 0.000486214
338 20988 1958 0 1 1 1 1 1 1 1 0 0 1 1 1 0 1 1 1 1 1 1 1 1 0.002575275
339 19255 1674 1 1 1 1 1 0 0 1 0 1 1 1 1 0 0 1 1 0 0 1 1 1 0.0195019
340 22005 1811 1 1 0 1 0 1 1 1 1 1 1 1 0 1 1 0 1 0 1 1 1 1 0.002214772
341 25213 2839 1 1 0 1 1 1 1 1 1 1 1 1 1 1 1 1 1 1 1 1 1 1 0.000457658
342 25677 2135 1 1 1 1 1 1 1 0 1 0 0 1 1 1 1 1 1 1 1 1 1 1 0.000439251
343 25920 2018 1 1 1 1 1 0 0 1 1 1 1 0 1 1 0 0 1 1 1 0 1 1 0.007984274
344 15378 1164 0 1 1 0 0 0 1 0 1 0 1 1 0 0 1 0 0 1 0 1 0 0 0.045830546
345 14753 1191 0 0 1 1 1 0 0 0 0 1 1 0 1 1 0 0 0 1 0 0 1 0 0.043225958
346 28541 2116 1 1 1 1 1 1 1 1 1 0 1 1 1 0 1 0 0 1 1 1 1 1 0.001635772
347 3176 121 1 1 0 0 0 0 0 0 0 0 1 0 0 0 0 0 0 0 0 0 0 0 0.000518697
348 4086 95 1 0 0 0 0 1 0 1 0 0 0 0 0 0 0 0 0 0 0 0 0 0 0.000582716
349 17948 1442 1 1 1 0 1 1 1 1 0 0 1 1 1 0 0 1 1 1 0 0 1 1 0.002034029
350 14508 609 0 1 0 0 1 1 1 0 0 0 1 1 1 1 0 0 0 1 0 0 0 1 0.032813989
351 5174 193 0 0 0 0 0 1 0 0 0 1 0 1 0 0 0 0 0 0 0 0 0 0 0.000441096
352 18927 1145 1 0 1 1 0 0 0 0 1 0 1 1 1 1 0 1 1 1 1 1 0 0 0.073288973
353 14110 662 0 0 0 0 0 1 0 1 0 1 1 0 1 0 0 1 0 1 0 0 1 1 0.020814648
354 25245 1837 1 0 1 1 1 1 1 1 1 1 1 0 0 1 1 1 1 1 1 0 1 0 0.002383282
355 11464 496 0 0 0 0 0 0 1 0 1 1 1 1 1 0 0 0 1 0 0 0 0 0 0.012306686
356 26995 1994 1 1 1 0 1 1 1 0 1 1 1 1 1 1 1 0 1 1 0 0 1 1 0.001219654
357 20550 2288 1 1 0 0 1 1 0 1 1 1 1 1 1 1 1 0 0 1 0 1 1 1 0.007618695
358 30774 2649 1 1 1 1 1 0 1 1 1 0 1 1 1 1 1 1 1 1 1 1 1 1 0.000632789
359 17549 1027 1 1 1 0 0 1 1 0 0 1 1 0 1 0 0 1 0 0 0 0 1 0 0.056354123
360 8046 122 0 0 0 0 0 0 0 0 1 0 0 0 1 0 0 0 0 1 0 0 1 0 0.000250263
361 23237 2555 1 0 1 1 1 1 1 1 1 1 1 1 1 1 1 1 1 1 1 1 1 1 0.000649983
362 11643 500 1 0 0 0 1 0 0 0 0 0 0 1 1 1 0 0 0 0 0 0 0 1 0.005363315
363 11283 337 1 1 0 0 0 0 0 0 0 0 0 0 1 1 0 0 1 0 1 1 0 0 0.002831887
364 20928 1064 1 1 0 0 1 1 1 1 0 0 0 1 1 1 1 0 0 0 1 0 1 1 0.033574641
365 31448 2208 1 1 1 1 0 1 1 1 1 1 1 1 1 1 1 1 1 1 1 1 1 1 0.000261904
366 21993 1457 1 1 1 0 1 0 1 1 0 1 0 1 0 1 0 1 1 1 1 1 0 0 0.009356225
367 18627 538 0 0 1 0 0 1 1 0 1 1 0 0 1 1 1 1 0 0 1 1 0 0 0.007473829
368 9663 262 0 0 1 0 0 0 0 0 0 1 0 0 0 0 0 1 0 0 1 1 0 0 0.001396666
369 25329 1263 0 1 0 1 0 1 1 1 0 1 1 0 1 1 1 1 1 0 1 1 1 0 0.008600742
370 16942 792 0 1 0 0 0 1 1 0 1 0 0 0 1 0 1 1 1 1 0 0 1 1 0.049522668
371 20374 1317 1 0 1 1 1 0 1 1 1 0 1 0 1 0 0 1 0 1 0 0 0 1 0.034758272
372 5980 120 0 0 1 0 0 0 0 0 0 0 0 1 0 0 1 0 0 0 0 1 1 0 0.000414644
373 23341 1120 1 1 0 1 1 1 1 0 0 0 1 1 0 0 1 1 1 0 0 1 1 0 0.017079193
374 18481 1288 1 0 1 0 1 1 0 1 1 1 1 0 1 1 1 0 1 1 1 0 0 0 0.017556413
375 14656 327 0 0 0 0 1 0 0 1 1 0 0 0 1 1 0 0 1 1 0 0 0 0 0.007948671
376 24711 1233 1 1 1 1 1 0 0 1 0 1 0 1 1 1 1 0 0 0 0 1 1 0 0.028903063
377 16666 1369 0 0 0 0 0 1 1 1 1 0 1 1 0 1 0 1 0 0 0 1 0 1 0.045939875
378 6895 248 0 0 0 0 0 0 0 1 0 1 1 1 0 0 0 0 0 0 0 0 0 0 0.00090005
379 28058 2059 1 1 0 1 1 0 1 1 1 1 1 1 1 1 1 1 1 1 1 1 1 1 0.000457854
380 11778 764 0 0 0 0 0 0 1 1 1 0 0 1 0 1 0 1 0 1 0 0 1 0 0.033730303
381 21061 630 0 0 0 0 1 0 1 1 1 1 1 1 0 1 1 0 1 0 1 0 0 0 0.063764403
382 19720 1514 1 1 0 1 1 0 0 1 1 1 1 0 1 1 0 1 1 0 1 1 0 0 0.042934764
383 27098 1512 1 1 1 1 0 0 1 1 1 1 0 0 0 1 1 1 1 0 1 1 1 1 0.012452941
384 7489 174 1 0 1 0 0 0 0 0 0 1 0 1 0 0 0 0 0 0 0 0 1 0 0.001613252
385 16498 611 0 0 1 0 0 0 1 0 1 0 0 0 1 0 0 0 1 1 1 1 0 1 0.011175472
386 17998 763 0 1 1 0 0 1 1 1 0 0 1 1 1 0 1 0 0 1 0 0 0 0 0.111308198
387 28601 2123 1 1 1 1 1 1 1 0 1 1 1 1 1 1 1 1 1 1 1 1 1 1 0.000170448
388 13084 367 1 0 0 0 1 0 1 0 0 1 0 0 0 0 1 0 0 0 1 0 1 1 0.012253165
389 18547 615 1 1 0 1 0 0 1 1 0 1 1 0 1 0 0 1 0 1 0 0 0 1 0.009527857
390 13987 565 0 1 1 0 1 0 1 0 1 0 0 1 0 0 0 0 1 0 0 1 0 0 0.010653638
391 19659 1053 1 0 0 0 0 0 1 1 0 0 0 1 1 1 1 1 0 1 1 0 1 1 0.029693769
392 28904 1750 1 1 1 0 1 1 0 1 1 1 1 1 0 1 1 0 1 0 1 1 0 1 0.003272574
393 21720 1905 1 1 0 1 1 0 1 0 1 1 1 0 1 1 1 1 1 0 0 1 0 1 0.001325876
394 20364 1234 1 1 1 1 1 0 0 1 1 0 0 1 0 0 0 0 1 1 0 1 1 0 0.073745026
395 29054 1726 1 1 1 1 1 0 1 1 1 1 1 1 1 0 0 1 1 0 1 1 1 1 0.001939196
396 18480 1013 1 1 1 1 0 0 0 1 1 1 0 0 1 0 0 0 1 0 1 0 0 1 0.027058915
397 26802 1924 0 1 1 1 1 1 1 1 1 1 1 1 1 1 1 1 1 0 1 1 1 0 0.000400379
398 3460 17 0 1 0 0 0 0 0 0 0 0 0 0 1 0 0 0 0 0 0 0 0 0 0.00031151
399 23096 2113 1 1 1 1 1 1 1 1 0 1 1 1 0 1 1 1 0 1 0 1 1 0 0.001324863
400 12574 554 1 0 1 0 1 0 0 0 0 1 1 0 0 0 0 0 1 0 0 0 0 1 0.024307479
401 24325 2819 0 1 1 1 1 1 1 1 1 1 1 1 1 1 1 1 0 1 1 1 1 1 0.000253959
402 25800 2217 1 1 1 0 1 1 1 1 1 0 1 0 1 1 0 1 1 1 1 1 1 1 0.001272144
403 27871 1347 1 0 1 0 0 1 1 1 1 1 1 0 1 1 0 1 1 0 1 1 1 1 0.00505566
404 26457 2080 0 1 1 1 1 1 1 1 1 1 1 1 1 1 0 1 1 1 0 1 1 1 0.00044696
405 5365 68 0 0 0 0 0 0 0 0 0 1 0 1 1 0 0 0 0 0 0 0 0 0 0.000527864
406 27618 1974 1 0 1 1 1 1 1 1 1 0 1 1 1 1 1 0 1 1 1 1 1 1 0.001382295
407 30146 1824 1 1 1 1 1 1 0 1 0 0 1 1 1 1 0 1 0 1 1 1 1 1 0.009173931
408 25056 2153 1 1 1 0 1 1 1 0 1 1 1 1 1 0 0 0 1 1 1 1 1 0 0.006187664
409 23109 1927 0 0 1 1 1 1 1 1 1 1 1 1 1 1 1 0 0 1 0 1 1 0 0.003459334
410 22160 1688 1 1 0 0 1 0 1 0 1 0 0 1 1 1 1 0 0 1 1 1 1 1 0.019298063
411 21982 1444 0 0 0 1 1 1 1 0 1 1 1 0 0 1 0 1 0 1 0 1 1 1 0.026585134
412 30419 2158 1 0 1 1 1 1 1 0 1 1 1 1 1 1 1 1 1 1 1 1 1 1 0.000550417
413 16836 547 0 0 1 0 0 1 0 0 0 1 1 0 1 0 1 1 0 0 0 0 0 1 0.014209144
414 25877 2172 1 1 1 1 1 0 1 1 1 0 0 1 1 1 1 1 1 1 0 1 1 1 0.000892617
415 20384 855 1 1 1 1 0 1 1 1 0 1 0 1 0 1 1 0 0 0 0 1 0 0 0.050541103
416 16727 972 0 0 0 1 1 1 0 1 1 1 1 0 1 0 0 0 0 0 1 1 0 0 0.056995007
417 26338 2283 1 1 1 1 1 1 1 1 1 1 1 1 1 1 1 0 1 1 1 0 1 1 0.000309363
418 21096 1169 0 1 0 1 1 0 1 1 1 1 1 0 1 1 1 1 0 0 1 0 0 1 0.00896056
419 22612 2107 1 1 0 1 1 1 1 1 1 1 1 1 1 1 1 1 1 1 1 1 1 1 0.000293888
420 11750 268 1 0 0 1 0 0 1 0 1 0 0 0 0 0 1 0 1 0 1 0 0 0 0.002831426
421 16816 664 0 0 1 1 1 1 1 0 0 1 0 1 1 0 1 0 1 0 1 0 0 1 0.050890595
422 21302 1624 1 0 1 0 1 0 1 0 0 1 1 1 0 0 0 1 1 0 1 1 1 1 0.054142288
423 24729 1866 0 0 1 1 1 1 1 1 0 0 1 0 1 1 0 1 0 0 1 1 0 1 0.073112737
424 4049 60 0 1 0 0 0 0 0 0 0 0 0 0 0 0 0 0 0 1 0 0 1 1 0.00023135
425 22542 1320 1 1 1 1 1 1 0 0 0 1 1 1 1 1 1 1 0 0 0 0 1 0 0.016199917
426 11610 374 0 0 0 1 0 1 0 1 1 0 0 0 1 1 0 0 0 1 0 0 0 0 0.004457532
427 16198 737 0 1 0 1 1 1 0 0 1 0 0 1 0 0 0 1 1 0 1 1 0 0 0.009432197
428 23719 2749 1 0 1 1 1 1 1 1 1 1 1 1 1 1 1 1 1 1 1 1 1 1 0.000280749
429 23701 2012 1 1 1 0 0 1 1 1 1 1 1 0 1 1 1 1 1 0 1 1 0 1 0.005503031
430 25133 2324 1 1 1 1 1 1 0 0 0 1 1 1 1 1 1 0 1 1 1 1 1 0 0.003331947
431 20806 1151 1 0 0 0 1 0 0 1 1 0 1 0 0 0 1 1 1 1 1 0 1 1 0.031238863
432 13882 454 1 0 1 0 0 0 1 0 0 1 0 0 1 0 1 0 1 0 0 1 0 0 0.016388816
433 29967 2033 1 1 1 1 1 0 1 1 1 1 1 1 0 1 1 1 0 1 1 1 1 1 0.001097206
434 11251 373 1 0 1 0 0 1 0 0 0 1 0 0 0 0 0 0 0 1 1 0 0 1 0.004930336
435 14526 877 0 1 0 0 0 0 1 0 1 1 1 0 0 1 0 1 0 1 0 0 0 0 0.069858025
436 19971 1524 1 1 0 0 0 1 1 1 1 1 0 1 1 1 0 1 1 0 1 1 0 1 0.005955743
437 19317 1570 1 0 1 1 1 0 0 1 0 0 1 1 0 1 1 1 1 0 0 1 0 1 0.048318174
438 20772 824 0 1 1 0 0 1 0 0 1 0 1 0 1 0 1 0 0 0 1 0 1 1 0.018418622
439 13101 638 0 1 0 1 1 0 1 0 0 0 1 1 0 0 1 0 0 0 0 0 1 0 0.014373759
440 26910 1966 0 1 1 1 1 1 1 1 0 1 1 1 1 0 0 1 0 1 1 1 1 1 0.005117352
441 16504 924 0 1 0 1 1 1 0 1 0 0 1 0 0 1 1 1 0 1 0 0 0 1 0.117023129
442 23443 2996 1 1 1 1 1 1 1 1 1 1 1 1 0 0 1 1 1 1 1 1 1 1 0.000264728
443 29038 1679 1 1 1 1 1 1 1 1 1 0 1 0 0 1 0 1 1 1 0 0 1 1 0.003868473
444 8510 238 1 0 0 0 0 0 1 0 1 0 0 0 1 0 0 0 1 0 0 0 1 0 0.001674274
445 19068 730 1 0 1 1 1 1 1 1 1 0 0 0 1 0 1 0 0 0 0 1 1 0 0.020703517
446 26680 2109 1 1 1 1 0 1 1 0 1 1 1 1 1 1 0 1 1 1 1 1 1 1 0.000641277
447 17055 727 1 0 0 0 1 1 1 0 0 0 1 0 1 1 1 1 0 0 0 0 1 0 0.010889977
448 26619 2486 1 1 1 1 0 1 1 1 1 1 1 1 1 1 1 1 1 1 1 1 1 0 0.000363818
449 30541 2022 1 1 1 1 1 1 1 0 0 1 1 1 1 1 1 1 1 1 1 1 1 1 0.000513674
450 33601 2413 1 1 1 1 1 1 1 1 1 1 1 1 1 1 1 1 1 0 1 1 1 1 0.000209139
451 13796 579 0 0 0 0 0 1 1 0 0 1 1 0 0 1 0 1 1 0 0 1 1 0 0.007945472
452 27460 1787 0 1 1 1 1 1 1 1 1 1 1 1 1 1 1 1 0 1 0 1 1 1 0.001562448
453 23223 1112 1 0 0 0 0 1 0 1 1 0 0 1 1 0 1 1 1 0 1 0 1 1 0.013804281
454 2340 59 0 0 0 0 0 0 0 0 0 0 0 0 0 0 0 1 0 0 0 0 0 0 0.000219161
455 12747 672 1 0 1 0 0 0 0 1 0 0 0 1 1 0 0 0 0 0 0 1 0 1 0.038283084
456 1382 74 0 0 0 0 1 1 0 0 0 0 0 0 0 0 0 0 0 0 0 0 0 0 0.000268113
457 16890 1035 0 1 0 0 1 0 1 0 0 1 1 0 0 0 1 1 0 1 1 0 0 0 0.065155719
458 17933 951 0 1 0 1 0 1 1 1 1 1 1 1 0 0 1 1 0 1 0 0 1 1 0.012528275
459 27695 2270 1 1 1 1 1 1 0 1 1 1 0 1 1 0 1 1 1 0 1 1 1 1 0.000863489
460 27403 1899 0 1 1 1 1 1 1 1 1 1 1 1 1 1 0 1 1 1 1 1 1 0 0.00081752
461 16617 920 1 0 1 1 1 0 0 0 0 0 1 1 0 1 1 1 0 0 0 0 0 0 0.051784679
462 27728 1577 1 1 0 1 0 1 1 0 1 0 1 0 1 1 1 1 0 1 1 0 1 1 0.014442462
463 24728 2764 1 1 1 1 1 1 1 1 1 1 0 1 1 1 1 1 1 1 1 1 1 1 0.000280769
464 21602 1096 0 1 1 1 1 1 1 0 0 1 0 0 0 1 1 0 1 1 1 0 1 1 0.015865918
465 14585 742 1 1 0 0 1 0 1 0 0 0 1 0 0 0 1 0 0 1 1 1 0 0 0.070864063
466 9200 326 0 0 0 1 1 0 1 1 0 0 0 0 0 1 0 0 1 0 0 0 0 0 0.003022219
467 24433 2330 1 1 0 1 1 1 1 1 1 1 1 1 1 0 1 1 1 1 1 1 1 1 0.000551468
468 30497 2429 1 1 1 1 1 1 1 1 0 0 1 1 1 1 1 1 1 1 1 1 1 1 0.000619514
469 7668 245 0 0 0 1 0 0 0 1 0 0 0 0 0 1 0 0 0 0 0 1 0 0 0.001614095
470 27990 1664 1 1 1 0 1 0 1 1 1 0 1 0 1 1 1 0 1 1 1 1 1 1 0.024361404
471 9577 258 0 0 0 0 1 0 1 1 0 0 0 1 1 0 0 0 0 0 0 0 0 0 0.00195026
472 14076 1013 1 0 0 1 0 1 1 0 0 0 1 0 1 0 1 1 1 1 0 0 1 0 0.046491329
473 21472 1249 0 0 1 1 0 0 0 1 1 0 0 0 1 1 1 1 1 1 1 1 1 1 0.013605985
474 15919 868 0 1 1 1 0 0 0 1 0 1 0 0 0 1 0 1 0 1 0 1 1 0 0.046750958
475 32670 2659 1 1 1 1 1 1 0 1 1 1 1 1 1 1 1 1 1 1 1 1 1 1 0.000267098
476 17864 900 1 1 1 0 1 0 1 0 0 1 0 1 0 0 1 1 0 1 0 0 1 1 0.056397814
477 28538 2299 1 0 0 1 1 1 1 1 1 1 1 1 0 1 1 0 1 1 1 1 0 1 0.002509601
478 22424 1197 1 0 1 1 0 0 1 1 0 1 0 0 1 1 0 1 0 0 1 1 0 1 0.06670876
479 10180 480 0 1 0 0 0 0 1 1 0 0 1 0 0 0 1 0 1 0 0 0 0 0 0.006518208
480 23233 1602 1 1 1 0 1 0 0 1 0 1 1 1 1 1 0 1 1 1 1 1 1 1 0.007632944
481 5071 107 0 0 0 0 0 0 0 0 0 0 0 0 0 1 0 0 1 1 0 0 0 0 0.000494254
482 25323 2356 0 0 1 1 1 0 1 1 1 1 1 1 1 0 1 1 0 1 1 0 0 1 0.009289913
483 17675 1472 1 1 1 1 1 0 1 1 0 0 1 0 1 1 0 1 0 0 1 0 1 1 0.045812324
484 24066 2252 1 1 1 0 1 1 1 0 1 1 0 0 1 1 1 1 0 1 1 1 1 0 0.002849672
485 25852 1509 1 1 1 0 1 0 0 0 0 0 1 1 1 1 1 1 1 1 1 1 0 1 0.016032328
486 28029 2752 1 1 1 1 1 1 0 1 1 1 1 1 1 1 1 1 1 0 1 0 1 1 0.000556207
487 23881 1486 1 1 0 1 1 0 1 0 1 1 1 1 1 1 1 1 1 0 0 0 1 0 0.002299214
488 23898 2129 1 1 1 0 1 0 0 1 1 1 0 1 1 1 1 1 1 1 0 1 1 1 0.003802494
489 20150 1048 1 0 0 0 1 1 0 1 1 1 1 0 1 1 1 1 0 1 1 1 0 0 0.009474686
490 29825 2249 0 1 1 1 1 1 1 0 1 1 1 1 1 1 1 1 1 1 0 1 1 0 0.001120318
491 9718 131 0 1 0 0 0 1 0 0 0 1 0 1 0 0 0 0 0 1 0 0 0 1 0.000920068
492 13960 314 0 0 1 0 1 0 1 1 1 1 0 0 0 0 0 1 0 0 0 1 0 0 0.004540787
493 19798 1145 1 0 1 1 0 1 0 1 0 0 0 1 0 0 1 0 1 1 1 0 1 1 0.039259797
494 9677 316 0 0 0 0 0 0 0 0 1 0 1 1 0 0 0 1 0 1 0 1 0 0 0.002066084
495 15781 583 0 0 0 0 1 1 1 1 0 0 0 1 0 1 1 0 0 0 1 0 0 1 0.025290675
496 26108 1976 1 1 1 1 0 1 0 1 1 1 1 1 1 1 1 0 1 0 1 1 1 1 0.000914396
497 19024 1041 1 1 1 0 0 0 1 1 0 1 1 0 0 0 0 1 1 1 1 0 0 1 0.039533253
498 10505 240 0 0 0 0 0 1 1 0 0 0 0 1 0 1 0 0 0 0 1 1 1 0 0.002453694
499 11631 570 0 0 1 1 0 0 0 1 0 0 0 0 1 1 0 0 0 0 0 0 1 0 0.014341594
500 15889 392 1 1 0 1 0 1 0 1 1 1 0 0 1 0 1 1 0 1 0 0 0 0 0.003629399
