1 15987 672 0 1 0 1 1 0 0 0 1 0 1 0 0 1 1 0 0 0 1 1 0 0 0 0 1 0 0 0 1 0 0.30742648
2 31896 1718 1 1 1 1 0 0 1 1 0 1 1 0 0 1 1 0 0 1 1 1 1 0 1 0 0 1 1 0 1 0 1.118553351
3 21793 883 0 1 0 1 0 0 0 0 1 1 1 0 1 0 0 1 0 0 1 0 0 1 0 1 1 0 1 0 0 1 0.714941763
4 39084 3402 1 1 1 1 0 1 1 1 1 1 1 1 1 0 1 1 1 1 1 1 1 1 1 1 1 1 1 1 1 1 0.000338559
5 38715 3020 1 1 0 0 1 1 1 1 1 1 1 1 1 1 1 1 1 0 1 1 1 1 1 1 1 0 0 1 1 0 0.003108736
6 27739 1644 1 0 0 1 0 1 1 1 0 1 1 1 1 0 1 1 1 0 1 1 0 0 1 0 0 1 0 0 1 1 0.310232632
7 35616 2203 1 1 0 1 0 1 1 1 1 1 0 1 0 1 1 1 1 1 0 0 0 1 1 1 0 1 1 1 1 0 0.130678741
8 31564 2669 1 1 1 1 1 1 0 1 1 1 1 1 1 1 0 1 1 1 0 1 1 1 0 1 1 1 0 1 0 1 0.00192327
9 11759 319 0 0 1 0 0 1 0 0 0 0 1 0 0 0 0 0 0 0 0 1 0 0 1 0 0 0 1 1 0 0 0.007181644
10 0 0 0 0 0 0 0 0 0 0 0 0 0 0 0 0 0 0 0 0 0 0 0 0 0 0 0 0 0 0 0 0 4.4157e-05
11 17297 527 0 1 0 0 1 1 0 0 1 1 1 0 0 0 0 1 1 0 0 0 0 0 0 0 1 0 0 0 0 1 0.053751447
12 32900 2123 1 1 1 0 1 1 1 0 0 1 1 0 1 0 1 1 1 0 0 1 1 1 1 0 1 0 0 1 1 1 0.116040232
13 30569 1580 1 1 1 1 1 1 0 1 0 0 0 0 1 1 1 0 1 0 0 0 1 0 1 0 1 0 1 1 0 1 0.788812646
14 33708 2095 1 1 1 1 1 1 1 1 1 1 0 1 1 0 0 1 1 1 0 1 1 0 1 0 0 1 1 0 1 1 0.128840214
15 40768 2372 1 1 1 1 1 1 1 1 0 1 1 1 1 1 1 1 1 1 1 1 1 1 0 1 1 1 1 0 1 0 0.000832494
16 37169 3165 0 1 1 1 0 0 1 1 0 1 1 1 1 1 1 1 1 1 0 1 1 1 1 1 1 1 1 1 0 1 0.004235437
17 29847 1837 1 0 0 1 1 0 0 0 1 1 1 1 1 0 0 0 0 1 1 1 1 1 0 1 1 1 1 1 0 0 0.269115071
18 33290 1806 0 1 1 1 1 1 1 0 1 1 0 1 1 0 1 0 0 0 1 1 0 1 1 0 1 1 1 0 1 0 0.416852128
19 35699 3334 1 1 1 1 0 1 1 1 1 1 1 1 1 1 1 1 1 1 1 1 0 1 1 1 1 1 0 1 1 1 0.000340492
20 34399 3427 1 1 1 1 1 1 1 0 1 1 1 0 1 1 1 1 1 1 1 1 1 1 1 1 1 1 1 1 1 0 0.000606497
21 0 0 0 0 0 0 0 0 0 0 0 0 0 0 0 0 0 0 0 0 0 0 0 0 0 0 0 0 0 0 0 0 5.4834e-05
22 35829 3090 1 1 1 1 1 1 1 1 1 1 0 0 0 1 1 1 1 1 1 0 1 1 1 1 1 1 0 1 1 1 0.000652805
23 27836 2101 1 0 1 1 1 0 1 1 0 1 0 0 0 1 0 1 0 1 0 1 1 0 1 1 0 1 0 1 1 1 1.215780494
24 14765 876 0 0 0 0 0 1 0 0 1 0 1 0 1 0 0 1 0 0 0 1 1 0 0 0 0 1 1 1 0 0 0.69357074
25 16437 580 0 0 1 0 0 1 1 1 1 0 1 0 0 0 0 1 0 1 0 0 0 0 0 1 1 1 0 0 0 1 0.351526959
26 16994 1138 1 0 0 1 0 0 0 0 1 0 0 0 0 1 0 0 0 0 1 0 1 0 0 1 1 0 1 1 0 1 0.575187055
27 8893 165 1 0 0 1 0 0 1 0 0 1 0 0 0 0 0 0 0 0 0 0 0 0 0 0 0 1 0 0 0 0 0.001645906
28 12189 376 0 0 0 0 0 0 0 1 1 1 0 0 0 1 0 1 0 0 0 0 0 0 0 1 0 1 0 0 1 0 0.013196309
29 20913 1295 1 1 1 0 1 1 0 0 0 0 0 1 0 1 0 1 1 0 0 1 0 0 0 0 1 0 0 0 1 1 2.604678361
30 29063 3742 1 1 0 1 1 0 1 1 1 1 1 1 0 1 1 1 1 1 1 1 1 1 1 1 1 1 1 1 1 0 0.000581689
31 31486 2739 1 1 0 1 0 1 1 1 1 1 1 1 1 1 1 1 1 1 1 1 1 1 1 0 1 1 1 1 0 0 0.001533772
32 37626 1734 0 1 1 1 1 1 1 0 1 0 1 1 0 1 0 1 1 1 1 1 0 1 0 1 1 0 1 1 1 1 0.131659043
33 14167 221 1 1 1 0 0 0 0 1 0 0 1 0 1 0 1 0 0 0 0 0 0 0 0 1 0 0 0 0 0 0 0.016229659
34 25890 1022 0 1 0 0 0 0 1 1 1 1 1 1 0 1 1 1 1 1 0 0 0 1 0 0 1 0 1 1 0 1 0.851751717
35 34070 2468 1 1 1 1 0 1 1 1 1 1 0 0 0 1 1 1 1 1 0 1 1 0 1 1 0 1 1 0 1 1 0.070214089
36 15360 564 1 0 0 0 0 0 0 0 0 0 1 0 1 0 0 0 0 0 1 0 0 0 1 1 1 0 0 1 1 0 0.045782144
37 22210 919 1 1 1 0 1 0 0 0 0 1 1 0 1 0 0 0 0 1 1 0 0 1 0 0 0 0 0 0 1 1 0.983301124
38 0 0 0 0 0 0 0 0 0 0 0 0 0 0 0 0 0 0 0 0 0 0 0 0 0 0 0 0 0 0 0 0 5.8996e-05
39 14509 706 0 0 1 1 0 0 0 1 1 0 0 0 0 1 1 0 0 0 0 0 0 1 1 0 1 0 0 0 1 0 0.3286422
40 36272 3350 1 1 1 1 1 1 1 1 1 1 1 1 0 1 0 1 1 0 1 1 1 1 1 1 1 1 1 1 1 1 0.001275677
41 32121 3084 1 1 1 1 0 1 1 1 1 1 1 1 1 0 0 1 1 1 1 0 1 1 1 1 0 1 1 1 1 1 0.00704873
42 18994 635 1 1 0 0 1 0 0 1 0 0 1 0 1 0 1 1 1 1 0 0 0 0 1 0 1 0 0 1 0 0 0.226630145
43 12414 569 0 0 1 1 0 0 0 0 0 0 0 0 0 0 0 0 1 1 0 0 0 1 1 0 0 0 0 0 1 0 0.064349716
44 29738 3141 1 1 1 1 1 0 1 1 1 1 1 1 1 0 1 1 1 1 0 1 1 1 0 1 1 1 1 1 1 1 0.001551378
45 36706 2560 1 1 1 1 1 1 1 0 0 1 1 0 1 1 1 1 1 0 1 1 1 1 0 1 0 1 1 1 0 1 0.037475644
46 22229 621 1 0 1 0 0 0 1 0 0 1 0 1 0 1 0 0 0 0 1 1 0 0 0 0 1 0 1 1 0 0 0.109421704
47 39869 2881 1 1 0 1 1 0 1 1 1 1 1 1 1 1 0 1 1 1 0 1 1 1 1 1 1 1 1 1 1 1 0.00064636
48 23562 1176 1 1 0 0 0 1 0 0 0 0 0 0 1 1 1 1 0 1 1 1 1 1 1 1 0 0 0 0 1 1 1.6050092249999999
49 9061 309 0 0 1 1 0 0 0 1 0 0 0 1 0 0 0 0 1 0 0 0 0 0 0 0 0 0 0 0 0 0 0.009477325
50 30210 3620 1 1 1 1 1 0 1 1 1 1 1 1 1 1 1 1 1 1 1 1 1 1 0 1 1 1 1 1 1 1 0.000233144
51 39150 3431 1 1 1 1 1 0 1 1 1 1 1 0 1 1 1 1 0 1 1 1 1 1 1 1 1 1 1 1 1 1 0.000806368
52 10299 124 0 0 0 1 0 0 0 0 0 0 1 0 0 0 1 0 0 0 1 0 0 1 0 1 0 0 0 0 0 0 0.000940625
53 24623 2132 0 0 1 0 1 1 0 1 0 1 0 0 0 1 1 1 1 1 0 1 1 1 1 1 1 1 1 0 1 1 0.616704993
54 32585 2462 1 1 1 1 1 1 1 0 0 0 1 1 1 1 1 1 1 0 1 1 1 1 1 0 1 1 1 1 0 1 0.041522556
55 20769 1373 1 1 0 1 0 0 1 1 0 0 0 1 0 0 0 1 1 0 0 0 0 1 0 0 0 0 1 0 1 1 5.946713687
56 21246 972 1 0 0 1 1 0 1 1 1 0 1 0 1 1 0 1 1 0 0 0 1 0 1 0 0 1 1 0 0 1 0.477961169
57 37446 3418 1 1 1 1 1 0 1 1 1 1 1 1 1 1 1 1 0 1 1 1 1 1 0 1 1 1 0 1 1 1 0.001442265
58 13635 466 0 1 0 1 0 0 1 0 0 0 0 0 1 0 0 0 0 0 1 0 1 0 0 0 0 0 1 0 0 1 0.03069614
59 35799 2369 1 1 0 1 1 1 1 0 1 0 0 1 0 1 1 1 0 1 1 0 1 0 0 1 0 1 0 1 1 1 0.502637153
60 24476 1251 1 0 0 1 0 0 0 1 0 1 0 1 1 1 1 0 0 1 0 1 1 0 0 1 0 1 1 1 1 0 0.493522987
61 38284 3086 1 1 1 1 1 1 1 0 1 1 1 1 1 1 1 1 1 1 1 1 1 1 1 1 1 1 1 1 0 1 0.000155934
62 0 0 0 0 0 0 0 0 0 0 0 0 0 0 0 0 0 0 0 0 0 0 0 0 0 0 0 0 0 0 0 0 0.000188107
63 32013 1897 0 1 1 0 1 1 1 1 1 1 1 1 0 1 0 1 0 1 0 1 0 1 1 1 1 0 0 0 0 1 0.208765873
64 39141 3228 1 0 1 1 1 1 1 1 1 1 1 1 1 1 1 1 1 1 1 1 1 1 1 1 1 1 1 1 1 1 0.000192584
65 22004 989 0 0 0 0 1 0 1 1 0 1 0 1 0 0 0 0 0 0 1 1 1 0 1 1 0 1 0 1 0 1 0.367705055
66 43567 2653 0 1 1 1 1 1 1 1 1 0 1 1 1 1 1 1 1 1 1 1 1 0 1 1 1 1 1 1 1 1 0.000850222
67 15550 474 1 1 0 0 0 1 1 0 0 1 0 1 0 0 1 0 0 1 0 0 0 0 0 0 0 1 0 0 0 1 0.058193452
68 16369 701 0 1 0 0 0 0 1 0 0 0 1 1 1 0 1 1 0 0 0 0 0 1 0 0 1 1 0 0 0 1 0.167330128
69 31603 2714 1 1 0 1 1 1 1 0 1 1 1 1 1 1 1 1 1 1 1 1 1 0 1 1 1 1 0 1 1 1 0.001093092
70 28603 1847 1 0 0 0 1 1 1 0 0 0 1 1 1 1 1 1 1 0 0 1 1 0 1 0 0 1 1 1 0 1 1.072260992
71 39202 3385 1 1 1 1 1 1 1 1 1 1 1 1 1 1 1 1 0 1 1 1 1 1 1 1 1 1 0 1 1 1 0.000372659
72 29636 2906 1 1 1 1 1 1 1 1 1 1 1 1 1 1 1 1 1 1 1 1 1 1 1 1 1 1 1 0 1 1 0.00015642
73 27571 2205 0 0 0 1 1 1 0 1 1 1 1 1 1 0 0 1 0 1 1 1 1 1 1 1 1 1 1 0 1 0 0.09276193
74 32543 2085 0 0 1 1 1 0 1 0 1 1 0 0 1 1 1 0 1 1 0 1 0 1 1 0 1 1 1 1 1 1 0.841686642
75 21305 922 0 0 1 0 1 0 0 0 0 0 1 0 1 0 0 0 1 1 1 0 1 1 1 0 1 0 0 1 0 0 0.604711527
76 30004 2245 0 1 0 1 1 0 1 1 0 1 1 0 1 0 1 1 1 1 1 1 0 1 1 1 1 1 1 1 1 0 0.028294396
77 33938 1881 1 1 1 1 0 1 1 0 1 1 0 1 1 1 0 0 1 0 0 0 1 1 1 1 1 1 0 1 1 1 0.513242725
78 30888 2147 1 1 0 0 1 1 1 1 0 0 0 0 1 1 1 1 1 0 1 1 1 1 1 1 0 0 1 1 1 0 0.469487775
79 22784 1160 0 1 0 1 0 0 0 0 1 0 0 1 1 1 0 1 1 1 0 1 0 0 1 1 1 0 1 1 0 0 0.530549346
80 29057 1673 1 1 1 0 1 1 0 1 0 1 1 1 1 0 0 1 1 1 0 1 0 1 0 1 0 1 0 0 1 0 0.541613363
81 36600 2754 1 1 1 1 0 1 1 1 1 0 1 1 1 1 0 1 0 1 1 1 1 1 1 0 1 1 1 0 1 1 0.005056979
82 34659 2419 1 1 1 0 1 1 1 0 1 0 0 1 0 0 1 1 1 1 1 1 0 1 1 0 0 1 1 1 1 0 0.255427456
83 31580 1920 1 1 0 0 1 1 1 0 1 0 1 1 1 0 0 1 0 1 1 1 1 0 0 0 1 1 1 0 1 1 0.738071868
84 21068 828 1 0 0 0 0 1 0 0 0 1 1 0 0 1 1 0 0 0 0 1 1 1 1 1 1 0 1 1 0 0 0.164968209
85 29083 1504 1 0 1 0 0 1 1 0 0 0 1 1 0 1 1 0 1 1 0 0 1 0 1 1 0 0 1 0 1 1 1.701837742
86 35649 2967 1 0 0 1 1 1 1 1 1 0 1 1 1 1 1 1 1 1 1 1 1 1 0 1 1 1 1 1 0 1 0.002942743
87 27208 1486 0 0 0 1 0 1 0 1 1 0 0 1 1 0 1 0 1 1 0 1 1 1 1 0 1 0 0 1 1 1 0.474958808
88 34313 3288 1 1 1 1 1 1 1 1 1 1 1 1 1 1 1 1 1 1 1 1 1 1 1 1 0 1 1 1 1 1 0.00012256
89 28990 2102 1 0 0 1 1 0 0 1 1 0 1 1 1 1 1 1 1 1 1 1 0 0 1 1 1 0 1 0 0 0 0.347835337
90 21027 1243 1 0 0 1 1 1 0 0 0 0 0 1 0 1 0 1 0 0 1 0 1 0 0 1 1 0 1 0 1 0 1.7267565660000002
91 5407 152 0 0 0 0 1 0 1 0 0 0 0 0 1 0 0 0 0 1 0 0 0 0 0 0 0 0 0 0 0 0 0.000790301
92 16247 866 0 0 0 1 0 0 0 1 0 1 0 0 1 0 1 1 1 0 0 0 0 1 0 0 1 1 0 0 0 0 0.540475815
93 14027 516 0 1 0 1 0 1 0 0 0 0 1 1 0 0 0 0 0 1 0 1 0 0 1 1 0 0 0 0 0 0 0.116052396
94 24809 1423 1 1 1 0 0 0 1 0 1 1 1 0 1 0 1 1 1 0 1 1 0 0 1 0 1 1 0 1 1 0 0.290357564
95 33502 1967 1 1 1 0 1 0 1 1 1 1 0 1 1 0 0 1 1 1 0 1 1 0 1 1 1 0 1 1 1 1 0.062597813
96 32901 1902 0 1 1 1 0 1 1 0 1 1 1 1 0 0 0 1 0 1 0 0 0 1 0 0 1 1 1 1 1 1 0.997173292
97 37650 3187 1 1 1 1 1 1 1 0 1 1 1 1 1 1 1 1 1 1 1 1 1 1 1 1 0 1 1 1 1 1 0.000383701
98 35843 2674 1 1 0 0 0 1 1 1 1 1 1 1 1 1 1 1 1 1 1 1 0 1 1 1 1 1 1 1 1 0 0.008655823
99 32844 2294 1 1 1 1 1 1 1 1 1 1 1 1 0 0 1 1 1 1 1 1 1 1 1 0 1 0 1 1 1 1 0.001515783
100 34732 2659 0 0 1 0 1 0 1 1 0 1 1 1 1 1 1 1 1 1 1 1 1 1 1 1 1 1 1 1 1 1 0.006248757
101 15975 497 0 1 0 1 0 0 0 0 0 1 1 1 1 0 0 0 0 1 0 0 0 0 0 1 0 0 1 0 1 0 0.114038458
102 29549 1761 1 1 0 1 1 0 0 1 1 1 1 1 1 1 1 0 1 1 0 1 0 1 0 0 0 0 1 0 0 1 1.155743511
103 19114 1054 0 0 0 1 0 1 0 1 1 0 0 1 0 0 1 0 0 1 1 0 0 1 0 0 1 0 1 0 0 1 1.488808239
104 7489 114 0 0 0 0 0 0 1 0 0 1 0 0 0 0 0 0 1 0 0 0 0 0 0 0 1 0 0 0 0 1 0.000557776
105 16915 552 0 0 0 0 0 0 0 0 0 1 1 1 0 1 1 0 0 0 0 0 0 1 0 1 0 0 1 0 0 0 0.049020387
106 17294 435 0 1 1 1 1 0 0 0 1 1 0 1 0 0 1 0 0 0 1 0 0 0 0 0 0 0 0 0 1 0 0.050189206
107 23638 1045 1 0 1 0 1 1 0 1 1 1 1 1 0 0 0 0 0 1 1 1 0 0 0 0 0 1 0 0 0 0 0.702223344
108 37019 2733 0 1 1 1 1 1 1 1 1 1 1 1 0 0 0 1 0 0 1 1 0 1 1 1 1 1 1 1 1 1 0.077529387
109 24654 1410 0 0 1 1 0 0 0 0 0 0 1 0 0 1 1 0 0 1 0 0 1 0 1 1 1 1 0 1 1 1 5.901682621
110 4589 126 0 0 1 0 0 0 0 0 0 0 0 1 0 0 0 0 0 1 0 0 0 0 0 0 0 0 0 0 0 1 0.000983914
111 37986 2801 1 1 1 1 1 1 1 1 0 1 1 1 1 1 1 1 1 1 1 1 1 1 1 1 1 1 1 1 1 1 0.000449526
112 37943 3198 1 1 1 1 1 1 1 1 1 1 1 1 1 1 1 1 1 1 1 1 1 0 1 1 0 1 1 1 1 1 0.000334554
113 14768 265 0 0 0 0 0 1 0 1 0 0 1 0 0 0 0 1 0 0 1 0 0 0 0 0 1 1 0 0 0 0 0.006610387
114 35762 3044 1 1 1 1 1 0 0 1 1 1 1 0 1 0 1 1 1 0 1 1 1 1 1 1 1 1 1 1 1 1 0.025004606
115 35795 1909 1 0 1 1 1 0 1 1 0 1 0 1 1 1 0 0 1 1 1 1 1 0 1 1 1 1 1 1 0 1 0.092908364
116 25692 1473 1 1 1 0 1 0 1 1 1 1 1 1 0 0 1 0 0 0 0 0 1 1 1 1 0 1 0 0 1 1 0.917952831
117 35115 2850 0 0 0 1 0 0 1 0 1 1 1 1 1 1 1 1 1 1 1 1 1 1 1 1 1 1 0 0 1 1 0.010200709
118 16408 629 1 0 1 0 0 1 0 0 0 0 0 0 0 1 0 0 0 0 1 1 0 1 1 0 0 1 0 0 1 1 0.376734421
119 20222 970 0 1 0 0 0 0 0 1 0 0 1 0 0 1 0 0 1 1 0 1 1 0 0 0 0 0 1 0 1 1 0.337079829
120 3282 19 0 0 0 0 0 0 0 0 0 0 0 0 0 0 0 0 0 0 0 1 0 0 0 0 0 0 1 0 0 1 0.000106446
121 13726 371 0 0 1 0 1 0 0 1 0 0 0 0 0 1 0 0 0 0 0 1 0 1 1 1 0 1 0 0 0 0 0.110268272
122 37299 3273 1 1 1 1 1 1 1 1 1 1 1 1 1 1 1 1 1 1 1 1 0 1 1 1 1 1 1 1 1 1 0.000187896
123 17340 781 0 0 0 1 0 0 1 1 0 0 0 1 0 0 1 1 1 0 1 0 1 1 1 0 0 0 0 0 0 0 0.376478784
124 20041 1134 1 1 1 0 1 0 0 1 1 0 1 1 0 1 0 0 0 0 0 1 0 1 0 0 0 1 0 1 1 0 0.732032067
125 24866 2986 1 1 1 1 1 1 1 1 0 1 0 0 1 0 1 0 1 1 1 1 0 1 0 1 1 1 0 1 1 0 0.042478448
126 23962 1452 0 0 0 1 0 0 1 1 1 0 1 1 1 0 0 1 1 1 0 0 0 1 0 1 1 0 1 1 1 1 1.809727627
127 28981 2247 1 1 1 1 1 1 0 0 1 0 1 0 1 0 1 1 1 0 1 1 1 0 1 1 1 0 1 1 1 0 0.129671202
128 32501 2210 1 1 1 1 0 1 0 1 0 1 0 1 1 0 1 1 1 0 1 0 1 1 0 1 1 1 1 0 0 1 0.154656284
129 29184 3004 1 1 1 1 1 1 1 1 1 0 1 1 1 0 1 1 1 1 0 1 0 1 1 1 1 1 1 1 1 1 0.005280624
130 6503 84 0 0 0 0 0 0 0 0 0 0 0 0 0 0 0 0 0 0 1 0 0 1 0 0 0 1 1 0 0 0 0.000190733
131 32604 2675 0 1 1 1 1 1 1 1 1 1 1 1 1 1 0 1 1 1 1 1 1 1 1 1 1 1 1 0 1 1 0.000441644
132 27988 1762 1 0 1 0 1 1 1 1 1 0 0 1 0 1 0 1 0 0 1 1 1 0 1 1 1 1 1 0 0 1 0.479434026
133 37196 2961 0 1 1 0 1 1 1 1 1 1 1 1 1 1 1 1 1 0 1 0 1 1 1 1 1 0 1 0 1 1 0.004054691
134 28546 1763 0 0 1 1 1 0 0 1 1 1 0 0 1 1 0 1 1 1 0 0 1 1 0 0 1 1 0 1 1 0 0.427076357
135 21348 1381 0 1 1 1 0 0 0 0 0 0 1 1 1 0 1 0 1 0 0 0 1 1 1 1 0 0 1 0 1 0 4.392789124
136 35310 2971 1 1 1 1 1 0 0 1 1 1 1 1 1 0 1 0 1 1 1 0 0 1 1 1 1 0 1 1 0 1 0.064326076
137 32396 3161 1 1 1 1 1 1 1 1 1 1 1 1 1 1 1 1 1 0 1 0 1 1 1 1 1 1 1 1 0 0 0.000659032
138 38690 2840 1 1 1 1 1 0 0 1 0 1 1 1 1 0 1 1 1 1 1 1 1 1 1 0 1 1 1 1 1 1 0.003978601
139 14865 460 0 0 0 1 0 1 0 1 0 1 0 0 0 1 0 0 0 0 0 0 1 0 0 0 1 1 0 1 0 0 0.029161228
140 41022 2638 1 1 1 1 1 1 1 1 1 1 1 0 1 1 1 1 1 1 1 1 1 1 1 1 1 1 1 1 1 0 0.000332403
141 14522 470 0 1 0 0 0 0 0 1 0 0 0 1 0 1 0 1 0 1 1 0 1 0 0 0 1 0 0 0 0 0 0.044756859
142 15352 322 1 0 0 0 0 0 0 1 0 0 1 1 0 0 0 0 0 0 0 0 0 1 0 1 0 0 1 0 1 1 0.01690384
143 41269 3270 1 1 1 1 1 1 1 1 1 0 1 1 1 1 1 1 1 1 1 1 1 1 1 1 1 1 1 1 1 1 0.000332564
144 17069 668 1 0 0 0 1 1 0 1 0 0 0 1 1 0 0 0 0 0 0 1 0 1 1 0 0 0 0 0 1 1 0.097250877
145 25532 903 1 0 0 1 1 1 0 1 1 1 1 0 0 1 1 0 0 0 0 0 1 0 1 1 0 0 0 0 1 1 0.616217014
146 34619 2252 1 1 0 1 1 1 1 1 1 1 1 1 1 1 0 0 0 1 0 1 1 1 0 1 0 1 1 1 1 1 0.10334833
147 20073 717 0 0 0 1 1 1 0 0 1 1 1 1 0 1 0 0 1 1 0 1 0 0 1 0 0 0 0 0 0 0 0.192609538
148 23442 960 0 1 1 1 0 1 1 1 1 0 0 0 1 1 0 0 0 1 0 1 0 0 0 1 0 0 0 1 0 1 0.584681828
149 33065 1323 1 1 0 1 0 1 1 0 0 1 1 1 0 1 0 1 1 0 1 0 1 1 1 0 1 1 1 0 1 1 0.320478581
150 36123 3974 1 1 1 1 1 1 1 1 1 1 1 0 1 0 1 1 1 0 0 0 1 1 1 1 1 1 1 1 1 1 0.002080589
151 34342 1810 1 1 1 0 1 0 1 1 0 1 1 1 0 1 1 0 1 1 0 1 1 1 1 1 1 0 1 1 0 1 0.124446483
152 33292 3237 1 1 1 1 1 1 1 1 1 0 1 0 1 1 1 1 1 1 1 0 1 1 1 1 1 1 1 1 1 1 0.0005802
153 24566 2013 0 1 0 1 1 0 1 1 1 1 1 0 0 1 1 1 1 1 0 1 0 0 1 0 0 1 0 1 0 1 0.487316889
154 38406 3024 1 0 1 1 1 1 1 1 0 1 1 1 1 1 1 1 1 1 1 1 1 1 1 1 1 1 1 1 0 0 0.000884301
155 35326 3572 1 1 1 1 1 1 1 1 1 1 1 1 0 1 1 1 1 1 1 1 1 0 1 1 1 1 1 1 1 1 0.00037865
156 29598 1592 1 1 0 0 0 0 1 1 1 1 1 1 1 1 0 0 0 0 1 1 1 0 1 0 0 1 1 1 0 0 0.477202097
157 31314 2511 1 1 1 1 0 1 0 0 1 1 0 1 1 0 1 1 1 0 1 1 1 0 1 0 1 0 1 1 0 1 0.066887973
158 34366 3328 1 0 1 1 1 1 1 1 1 1 1 1 1 1 1 1 1 0 1 1 1 1 1 1 1 0 1 1 0 1 0.000527119
159 22956 1242 0 1 1 0 1 0 0 0 1 1 1 1 0 1 0 1 0 1 1 0 0 0 0 0 0 0 0 0 1 0 0.847769585
160 29086 2487 1 0 0 0 1 1 1 1 1 1 1 1 1 0 0 1 0 1 1 1 1 1 0 1 0 1 0 1 0 1 0.139240917
161 34321 2957 0 1 1 1 1 1 1 1 1 0 1 1 0 1 1 1 1 0 1 1 0 1 1 1 1 1 1 1 1 1 0.00749749
162 42510 2762 1 0 1 0 1 1 1 1 1 1 1 1 1 1 1 1 1 1 1 1 1 1 1 1 1 1 1 1 1 0 0.000823626
163 29037 3321 1 1 1 1 1 1 1 1 1 1 1 1 1 1 1 1 1 1 1 0 1 1 1 1 1 1 1 1 1 1 0.00018279
164 24089 1223 0 1 0 0 1 1 0 1 0 0 1 1 1 1 1 1 0 1 1 0 1 1 1 1 0 0 0 1 1 0 0.340911974
165 13259 288 0 0 1 1 0 0 0 0 0 1 0 0 0 1 1 0 0 0 0 1 0 0 0 0 0 0 0 1 1 0 0.005706766
166 30807 1368 0 1 0 0 1 0 1 0 1 1 0 1 0 1 1 1 1 0 1 1 1 0 1 1 0 1 1 0 0 0 0.454244086
167 4822 55 0 0 0 0 0 0 0 0 1 0 0 0 0 0 0 0 0 0 0 0 0 1 0 0 0 0 1 0 0 0 0.00018933
168 26087 1062 1 1 0 0 1 1 0 0 0 1 0 0 1 1 1 0 1 0 1 1 1 1 0 1 0 0 1 0 0 0 0.502324503
169 31544 1238 0 0 1 1 0 1 0 1 1 0 1 0 1 0 1 1 0 1 0 0 1 0 0 1 1 1 1 1 1 1 0.512427157
170 29773 1769 1 1 0 1 0 1 1 0 1 1 1 1 0 0 1 0 0 1 0 1 1 0 1 1 0 1 1 0 0 1 0.78504002
171 13003 300 0 0 1 1 1 0 0 0 0 1 0 0 0 0 0 0 1 0 0 0 0 0 0 1 0 0 1 0 1 0 0.006257436
172 33168 3064 1 1 1 1 0 1 1 1 1 1 0 1 1 1 0 1 1 0 1 0 1 1 1 0 1 1 1 0 0 1 0.030382296
173 16703 659 1 1 1 0 0 0 0 0 0 0 1 0 0 0 0 1 0 1 1 0 0 0 0 0 1 1 0 1 0 1 0.265749136
174 15556 806 1 1 0 1 1 1 0 1 0 1 0 0 0 0 0 0 0 1 0 0 1 1 1 0 0 0 0 0 0 0 1.598819803
175 31523 1943 0 1 1 1 0 0 1 0 1 0 1 1 1 1 0 1 1 0 1 0 1 1 0 1 0 1 0 1 1 0 1.251798256
176 31437 3455 1 1 1 1 1 1 1 1 1 1 1 1 1 0 1 1 1 1 1 1 1 1 1 1 1 1 1 1 1 1 0.000215717
177 22765 882 1 1 0 1 0 0 0 0 1 0 0 1 0 0 1 0 1 0 0 1 0 1 1 1 0 1 1 0 0 0 0.133149162
178 31553 2131 1 0 0 0 0 1 1 1 1 0 1 0 1 1 0 1 1 1 0 1 0 0 1 1 1 1 1 1 1 1 0.404300155
179 26914 1663 1 1 1 0 0 0 1 0 0 1 1 0 1 1 1 0 1 0 1 0 0 1 1 0 0 0 0 1 0 1 3.883624123
180 31328 2864 1 0 1 1 1 0 0 1 0 1 0 1 0 1 1 1 1 1 1 1 1 0 1 1 1 1 1 1 1 0 0.146171346
181 33717 2856 1 1 1 0 1 0 0 1 1 1 1 1 1 1 1 1 0 1 1 0 1 0 1 1 1 0 1 1 0 1 0.018974086
182 30982 2604 1 0 1 1 1 1 1 0 0 0 1 1 0 1 0 0 1 0 1 1 0 1 0 1 0 1 1 1 1 0 1.459569692
183 32589 2234 1 1 1 0 1 1 0 0 0 0 0 1 1 1 1 0 0 0 1 1 1 1 1 1 1 0 0 1 1 0 0.464367891
184 26471 1588 0 1 1 0 0 1 1 1 1 0 1 1 0 0 0 0 0 1 0 0 1 1 1 0 1 0 1 0 1 1 4.064805037
185 37497 2495 0 1 1 1 1 1 1 1 1 1 1 1 1 1 1 1 1 0 1 1 1 1 1 1 1 0 0 1 1 0 0.000990523
186 23071 1154 0 0 0 1 0 1 1 1 1 1 0 0 0 0 0 1 1 0 1 0 1 1 0 1 0 1 0 0 0 1 0.758847641
187 13453 474 0 0 0 1 1 0 0 0 0 0 0 1 0 0 0 0 0 0 1 1 0 0 0 0 0 1 1 0 1 0 0.056895726
188 15483 523 0 0 0 0 1 0 0 0 0 1 0 0 1 0 0 0 1 1 0 0 1 0 1 1 0 0 1 0 0 0 0.039887381
189 26636 1672 0 0 1 1 0 1 1 1 0 0 1 1 0 0 1 0 1 0 1 0 1 1 0 0 1 1 0 1 1 1 1.30517586
190 25511 1278 0 1 0 0 1 1 0 0 0 0 0 0 0 1 0 1 0 0 1 1 0 1 1 1 1 1 0 1 0 0 3.91418484
191 17693 786 0 0 1 0 0 1 1 0 1 0 1 0 1 0 1 1 0 0 0 0 0 0 1 0 0 1 0 0 1 0 0.787806625
192 25780 741 1 0 0 1 0 0 0 1 0 0 0 1 0 1 0 0 1 0 1 0 1 1 1 1 0 1 1 1 1 1 0.032954947
193 31727 1552 1 0 1 1 0 0 0 1 0 0 1 0 0 1 1 1 1 0 0 1 1 1 1 1 1 1 1 0 1 0 0.401691003
194 33661 3287 1 1 1 1 1 1 1 1 1 1 1 1 1 1 1 1 1 1 1 1 1 1 1 1 1 1 1 0 1 1 0.000146192
195 34469 2589 0 1 1 1 0 1 1 0 1 0 1 1 0 1 0 0 1 0 1 1 1 1 1 1 1 1 1 1 0 1 0.173184041
196 10160 209 0 0 0 0 0 0 0 1 0 1 1 0 0 0 0 0 1 0 0 0 1 0 0 0 1 0 0 0 0 0 0.005176998
197 16441 572 0 0 1 0 0 0 1 0 0 1 0 1 0 1 0 0 0 0 1 0 0 1 1 0 0 0 0 1 0 0 0.135786795
198 26302 1253 1 0 1 0 1 1 1 1 0 0 0 1 1 1 1 0 0 0 0 0 0 0 1 0 1 0 1 0 1 1 1.692376995
199 20252 998 0 1 0 0 0 0 0 1 0 0 1 0 1 0 0 1 1 0 0 0 0 1 1 0 0 0 1 1 0 0 1.730657772
200 19975 546 1 0 1 1 0 0 0 0 0 1 1 0 0 1 0 0 0 0 0 0 1 1 1 0 1 1 1 0 0 0 0.329857348
201 32513 3016 0 0 1 1 1 1 1 1 1 1 1 1 1 1 1 1 1 1 0 1 0 1 1 1 1 1 1 1 1 1 0.003648645
202 29823 2077 1 0 0 1 1 1 1 1 1 1 1 1 1 1 1 1 1 0 1 1 1 1 0 0 1 0 0 1 0 0 0.273889831
203 13956 255 1 0 0 1 1 1 1 1 1 0 0 0 0 0 0 1 1 0 0 0 1 0 0 0 0 0 0 0 0 0 0.053242594
204 25413 1162 0 1 0 1 0 1 0 1 0 0 0 1 1 1 1 0 0 0 0 0 1 1 1 1 0 1 0 1 1 0 1.299967338
205 34693 2166 1 1 1 1 0 1 1 1 1 0 1 1 1 1 0 1 0 1 1 1 0 1 0 0 1 1 1 0 0 1 0.246811489
206 40223 3783 1 1 1 1 0 1 1 1 1 1 1 1 1 1 1 1 1 1 1 1 1 1 1 1 1 1 1 1 1 1 0.000186739
207 35276 2847 1 1 1 0 1 1 1 1 1 1 1 1 1 1 1 1 1 1 1 0 1 1 0 1 1 1 1 1 1 1 0.00342471
208 35292 2520 1 1 1 1 1 1 1 1 1 1 1 1 1 1 1 1 1 0 1 1 0 0 1 0 1 1 1 1 1 1 0.007681019
209 18957 1453 1 0 0 1 0 0 1 1 1 0 1 1 0 0 1 0 0 1 0 0 1 0 1 0 1 0 1 0 0 0 1.90044885
210 28553 1853 1 0 0 1 0 1 1 1 1 1 1 0 0 0 0 1 0 1 0 1 0 1 1 0 0 1 1 1 0 0 3.414621895
211 32252 2406 1 1 1 1 0 1 1 1 0 1 0 1 1 1 1 1 1 1 1 1 1 0 1 1 1 0 1 1 1 0 0.015115113
212 38029 2979 1 1 1 1 1 1 1 1 1 1 1 0 1 1 1 1 1 0 1 1 1 1 1 1 1 1 0 1 1 0 0.001732189
213 33228 2632 1 1 0 0 1 0 1 1 1 1 1 0 1 0 0 1 1 1 1 0 1 0 1 1 1 1 1 1 1 1 0.058867902
214 18343 811 0 0 0 0 0 0 1 1 0 0 0 1 0 0 1 0 0 0 1 0 1 1 0 1 1 1 1 0 1 0 0.676569484
215 24219 1215 1 0 1 0 1 0 0 0 0 1 1 1 0 0 1 1 1 1 0 1 1 1 0 1 1 0 0 0 1 0 1.909339146
216 33991 3880 1 1 1 1 1 1 1 1 1 1 1 1 1 1 1 0 1 1 1 1 1 1 1 1 1 1 1 1 1 1 0.000253693
217 36804 2106 1 0 0 1 1 1 1 1 1 0 1 0 0 1 1 1 1 1 1 1 1 1 1 1 1 1 1 0 1 0 0.053988949
218 36810 2594 0 1 1 0 1 1 1 1 0 1 1 1 1 1 1 1 1 1 0 0 1 1 1 1 1 1 1 1 1 1 0.032317612
219 8796 411 0 0 0 0 0 0 0 0 0 0 0 0 0 0 0 0 0 1 0 0 0 1 1 1 0 0 0 0 0 0 0.013078942
220 29464 2505 1 1 1 1 1 1 1 1 1 0 0 0 1 0 1 1 1 1 1 1 1 1 0 1 0 1 0 1 0 0 0.208138878
221 31401 3175 1 1 1 1 1 1 1 1 1 0 1 1 1 1 1 1 1 0 1 1 1 1 1 0 1 0 1 1 1 1 0.002297077
222 30904 1587 0 0 1 1 0 1 0 0 0 0 1 1 0 1 1 0 0 1 1 0 1 1 0 1 1 1 1 1 1 0 2.258640649
223 34123 1938 1 1 0 0 0 1 1 1 1 1 1 0 1 0 1 1 1 1 0 1 1 0 1 1 1 1 1 1 1 1 0.071869629
224 33559 2912 1 0 1 1 1 1 1 1 1 1 1 1 1 1 1 1 0 1 1 1 1 1 1 0 0 1 1 0 1 1 0.002928063
225 25690 1056 0 0 1 0 0 0 0 1 1 0 1 1 1 0 1 1 0 1 1 0 0 1 0 0 1 1 0 0 1 0 1.919752143
226 9179 102 0 0 0 1 0 0 0 1 0 0 0 0 0 0 0 0 0 0 1 0 0 0 0 0 0 0 1 1 0 0 0.00054476
227 6285 155 0 0 0 1 0 1 0 0 0 0 0 1 0 1 0 0 0 0 0 0 0 0 0 0 0 0 0 0 0 0 0.0015947
228 27986 1762 1 0 0 0 0 1 0 1 1 0 0 1 0 1 1 1 0 0 0 1 0 1 1 0 1 1 0 1 1 1 5.676719156
229 9604 259 0 1 0 0 1 1 0 0 0 0 1 1 0 0 0 0 0 0 0 0 0 0 1 0 0 0 1 0 0 0 0.01453979
230 34301 2194 1 0 1 1 1 1 1 1 1 1 1 0 0 0 1 1 0 0 1 1 0 1 1 1 1 1 1 0 1 1 0.110943293
231 38819 2439 1 1 1 1 1 1 0 1 1 0 0 1 1 1 1 0 1 1 1 0 1 0 1 1 1 1 1 1 1 1 0.036778968
232 24612 1268 1 0 1 0 0 0 1 1 0 1 1 0 1 1 0 1 1 1 1 0 1 1 0 0 0 1 1 0 0 0 4.247810228
233 35621 2615 1 1 1 1 1 1 1 1 1 1 1 1 0 1 1 0 1 0 1 0 0 1 0 1 1 1 1 1 1 0 0.074402507
234 27537 1584 1 1 1 1 1 1 1 0 0 0 0 1 1 1 0 0 0 1 1 1 0 1 0 0 0 0 0 1 0 0 2.213022867
235 26155 1462 0 0 1 1 1 1 1 0 1 1 1 0 0 1 1 0 0 1 0 1 0 0 1 1 0 0 1 1 1 0 1.48622786
236 19464 975 0 1 1 0 0 0 0 1 0 0 0 0 1 0 0 1 1 1 0 0 1 1 1 1 0 1 0 0 0 0 1.34137547
237 30263 1531 1 0 0 0 1 1 0 1 1 1 1 1 1 0 1 0 1 1 0 1 0 0 1 1 1 1 0 1 0 0 1.2731467730000001
238 17268 822 1 0 0 1 1 1 1 0 0 0 0 1 1 0 0 0 1 1 0 0 0 0 0 0 1 1 1 0 0 0 1.735133393
239 32332 1660 1 0 1 0 1 1 0 0 1 1 1 0 1 1 0 1 1 0 1 0 1 1 1 1 1 1 0 0 0 1 0.295764252
240 39154 2753 1 0 0 1 1 1 0 1 1 1 1 1 0 1 1 1 1 0 1 1 1 1 1 0 1 1 1 1 1 1 0.01973131
241 32927 2405 1 0 1 0 0 0 1 1 1 1 1 0 1 1 1 0 1 1 0 1 1 1 0 1 1 1 1 1 0 1 0.144135163
242 14498 559 1 0 0 0 0 0 0 1 1 0 0 0 0 0 0 0 0 1 1 0 1 0 1 0 1 0 0 0 1 0 0.131478692
243 15793 621 0 0 1 0 0 0 0 0 0 0 1 0 1 0 0 1 1 0 1 0 0 0 1 1 0 1 0 0 0 1 0.204472851
244 28856 1850 1 1 1 0 1 0 1 0 0 0 1 1 0 1 1 1 1 1 0 1 0 0 0 1 0 1 1 0 1 0 1.399187794
245 38514 3132 1 1 1 1 1 1 1 1 1 1 1 1 1 1 1 1 1 1 1 1 0 1 1 1 1 1 1 1 1 1 0.000375105
246 38016 2730 1 1 0 1 1 1 1 1 0 1 1 1 1 1 1 1 1 1 1 1 0 1 1 0 1 1 1 0 1 0 0.017032927
247 30709 2055 1 0 1 1 1 1 1 1 1 0 0 1 1 1 1 0 1 0 1 1 1 1 0 0 1 1 1 0 1 0 0.463148241
248 23510 1547 0 1 1 0 0 1 0 0 0 0 0 1 1 1 1 0 1 1 1 1 0 1 1 0 1 0 1 0 1 0 2.356161646
249 29379 1755 0 0 1 0 0 0 1 1 1 1 0 1 1 1 0 1 1 1 1 1 0 1 1 1 1 0 1 1 1 0 0.132569184
250 29567 1546 1 0 1 0 0 1 1 0 1 0 0 0 1 1 1 1 1 1 1 1 0 0 0 1 1 0 1 0 1 1 2.100183563
251 22952 986 0 1 0 1 0 1 1 1 0 1 0 1 0 0 1 1 0 1 0 1 1 0 1 0 0 0 0 0 0 0 0.500607283
252 37907 2835 1 1 1 1 1 0 1 1 1 1 1 1 0 1 1 0 1 1 1 1 1 1 1 1 0 1 0 0 1 1 0.003845808
253 13474 532 0 0 0 1 0 0 0 0 0 0 0 0 1 0 0 0 1 0 0 0 0 1 0 0 0 1 1 1 0 0 0.079115263
254 26360 1639 1 0 1 1 0 0 0 1 0 1 0 1 0 0 0 0 0 0 1 0 1 0 0 1 1 1 0 1 1 1 2.475507395
255 31690 3768 1 0 1 1 0 1 1 0 1 1 1 1 1 1 1 1 1 1 1 1 1 1 1 1 0 1 1 1 1 1 0.002141327
256 9274 245 0 0 0 0 0 0 0 0 0 0 0 0 1 0 0 0 1 0 0 0 0 0 0 0 1 1 0 0 1 0 0.005176793
257 34022 2599 1 1 1 1 1 0 1 1 0 0 1 1 0 1 1 1 1 1 1 1 0 0 1 1 1 0 1 1 1 1 0.109866186
258 32665 2516 1 1 1 1 1 1 1 1 1 1 1 1 1 1 1 1 0 1 1 1 1 1 1 1 1 1 1 1 1 1 0.000261137
259 30768 2222 0 1 1 1 1 0 0 1 1 0 0 1 0 0 1 1 1 1 1 1 1 0 1 0 1 1 1 0 1 1 0.477134455
260 40529 3467 1 1 1 0 1 1 1 1 1 1 1 1 1 1 1 1 1 1 1 1 1 1 1 1 1 0 1 1 1 0 0.00045968
261 33617 3307 1 1 1 1 1 1 1 1 1 0 1 1 1 1 1 1 1 1 1 1 1 0 1 1 1 1 0 1 0 1 0.001195944
262 39090 3559 1 0 1 1 1 1 1 1 1 1 1 1 1 0 1 1 1 1 1 1 0 1 1 1 1 1 0 1 1 1 0.002989419
263 21424 1257 1 0 0 1 1 0 1 1 0 0 0 0 1 0 0 1 1 0 0 0 0 0 0 1 1 0 1 1 0 1 4.185712553
264 25071 1012 1 0 0 1 1 1 1 1 0 0 0 1 1 0 0 0 0 1 0 0 0 0 0 1 1 0 1 0 1 0 2.217728867
265 2968 39 0 0 0 0 0 0 0 0 1 0 0 0 0 0 0 0 0 0 0 0 0 0 0 0 0 0 0 0 1 0 0.00019071
266 42220 2991 1 1 1 1 1 1 0 1 1 1 1 1 1 1 1 1 1 1 1 1 1 0 1 1 1 1 1 1 1 1 0.000851994
267 13809 456 0 1 0 0 1 0 0 1 0 0 0 0 0 0 0 1 1 1 0 0 1 0 0 0 0 0 1 1 0 0 0.207435731
268 15273 361 1 0 0 0 0 1 1 1 1 0 1 0 1 1 0 0 0 0 0 0 0 0 0 0 0 0 0 0 1 0 0.30836393
269 25055 1246 0 1 1 0 0 0 0 0 1 0 1 1 0 1 0 1 0 0 0 0 0 1 1 0 1 1 1 1 1 1 4.294736646
270 29374 2081 1 0 1 1 0 0 0 1 1 1 1 0 1 0 1 1 0 1 0 1 0 1 0 1 1 1 1 1 0 0 0.636150467
271 42033 2690 0 1 1 1 1 1 1 0 1 1 1 1 1 1 1 1 0 1 1 1 1 1 1 1 1 1 1 1 1 1 0.001762619
272 42274 3019 1 1 0 1 1 1 1 1 1 1 1 1 0 1 1 0 1 1 1 1 0 0 1 1 0 1 1 1 1 0 0.017625235
273 29276 1695 0 0 1 1 1 0 1 1 1 0 1 0 0 1 0 1 1 1 1 1 0 0 0 0 1 1 0 0 0 1 2.00125709
274 22553 1104 0 1 0 0 0 0 0 0 1 1 1 1 1 1 0 1 1 1 1 1 0 0 0 1 1 0 0 0 1 0 5.918768623
275 31264 1438 1 0 1 1 0 1 1 1 0 1 0 0 1 0 1 0 1 1 1 1 0 0 0 1 1 1 0 1 1 1 0.47513925
276 10402 203 1 0 0 1 1 1 0 0 0 0 0 0 0 0 0 0 0 0 0 0 0 1 1 0 0 0 0 0 1 0 0.007055981
277 31915 1285 1 1 0 1 1 1 1 1 0 1 1 0 1 1 1 0 1 0 0 1 0 0 0 0 0 1 1 0 1 0 1.823701883
278 16739 240 1 0 1 1 0 0 0 0 0 0 0 0 0 0 1 0 1 0 0 0 0 1 0 0 0 0 1 0 1 1 0.016726919
279 24242 1181 1 0 0 1 1 1 0 1 0 0 0 1 1 0 0 0 1 1 0 0 0 0 1 1 0 1 1 0 0 1 1.017448794
280 23583 1776 1 1 1 0 0 1 0 0 1 1 0 0 0 1 1 1 1 1 0 0 0 1 0 1 1 1 1 0 1 1 0.911611544
281 39498 2212 1 1 1 0 1 1 1 1 1 1 0 0 1 1 1 1 1 1 1 1 1 1 0 1 1 1 1 0 1 1 0.062194775
282 14601 724 0 1 0 0 0 1 0 0 0 1 0 1 1 0 1 1 0 0 1 0 0 1 0 0 0 1 0 0 0 1 0.609702255
283 5610 83 0 0 0 0 0 0 0 0 0 0 1 0 1 1 1 0 0 0 0 0 0 0 0 0 0 0 0 0 0 0 0.000612884
284 34665 2888 1 0 1 1 1 1 1 1 1 1 1 1 1 1 1 1 1 1 1 0 1 1 1 1 0 0 1 1 1 1 0.001146838
285 12525 309 0 1 0 0 0 1 0 0 0 0 0 0 0 0 0 0 0 0 1 0 0 1 0 1 0 1 0 0 1 0 0.014708307
286 33598 2952 1 1 1 0 1 1 1 1 1 1 1 1 1 1 1 1 1 1 1 1 1 1 1 1 1 1 1 1 1 1 0.000367996
287 26124 1117 0 0 0 0 1 0 0 1 1 1 1 0 0 1 1 0 1 1 1 1 0 1 1 0 1 0 0 0 1 1 0.523392062
288 28576 1425 1 1 0 1 0 1 0 1 1 0 1 0 0 0 0 1 0 0 0 1 0 1 1 1 1 1 1 1 0 0 2.430312176
289 36424 3694 1 1 1 1 1 1 1 1 1 1 1 1 1 1 1 0 1 1 1 1 1 1 1 1 1 1 1 1 1 1 0.000432848
290 25813 856 0 0 0 0 1 1 1 0 1 0 1 1 0 1 0 1 0 1 1 0 0 0 0 1 1 0 1 1 0 1 0.407692601
291 14589 302 0 0 0 0 0 0 0 1 0 1 1 0 1 0 0 0 0 0 0 0 0 0 0 1 0 0 1 1 1 0 0.0212951
292 5347 85 0 0 0 1 0 0 0 0 0 0 0 0 0 0 1 1 0 0 0 0 0 0 0 0 0 0 0 0 0 0 0.00064627
293 13141 291 0 1 1 0 0 0 1 1 0 0 1 0 1 0 0 0 1 0 1 0 0 0 0 0 0 0 0 0 0 0 0.127379257
294 31898 1934 0 1 1 0 0 1 1 1 1 0 0 1 1 1 0 1 1 0 1 1 0 1 1 1 0 1 1 1 0 0 3.049495172
295 18231 765 0 1 1 0 0 0 0 0 1 0 0 0 1 0 1 0 0 1 1 0 0 0 1 1 0 1 0 0 1 0 0.266128498
296 14672 428 0 0 0 1 1 1 1 0 0 0 0 0 0 0 0 0 0 1 0 1 0 0 0 0 1 0 0 1 0 0 0.098542546
297 25368 1035 0 1 0 0 1 0 1 0 1 1 0 1 1 1 0 0 1 1 0 1 0 0 1 0 1 1 1 0 0 1 0.89309418
298 34142 3227 1 1 1 1 1 1 1 0 1 1 1 1 1 1 1 1 1 1 1 1 1 1 1 1 1 1 1 1 1 1 0.000350751
299 29217 1444 1 1 1 0 0 1 0 1 0 1 1 1 1 1 0 0 0 0 0 1 0 0 0 0 1 1 1 1 0 1 1.6039719639999999
300 17030 562 0 0 0 1 1 1 1 0 0 1 1 1 1 1 0 0 0 0 0 0 0 0 0 0 1 0 0 0 0 0 0.276182687
301 37270 2461 1 0 1 1 1 1 1 1 1 1 1 0 1 0 1 0 0 0 0 1 1 1 1 1 0 0 1 0 0 1 1.114261967
302 25733 1011 1 1 1 0 0 0 0 1 0 0 1 0 0 0 1 1 1 0 1 0 1 1 1 1 0 0 0 0 0 0 0.381686874
303 34202 2280 1 1 1 0 1 0 1 1 1 1 0 1 0 1 1 0 0 1 1 1 1 0 1 1 1 0 1 1 1 1 0.300150074
304 16485 341 1 0 0 0 0 0 1 0 0 0 1 0 1 0 0 0 1 0 0 0 0 0 1 0 1 0 0 0 0 1 0.029117268
305 5859 82 0 0 0 0 0 0 0 1 0 0 0 0 1 0 0 0 0 0 0 0 0 0 0 0 0 0 1 0 0 0 0.000357723
306 32261 3433 0 1 1 1 1 1 1 1 0 1 1 1 0 1 0 1 1 1 1 0 1 1 1 1 1 1 1 1 1 1 0.017915313
307 24566 970 0 1 0 0 1 1 0 0 0 0 0 1 0 0 0 0 0 1 1 1 1 1 0 0 1 1 0 1 1 1 1.132593541
308 37188 2756 1 1 1 1 1 1 1 1 1 1 1 1 1 1 1 1 1 1 1 1 1 0 1 1 0 1 1 1 1 1 0.001028752
309 25611 1144 0 0 0 1 0 1 1 1 1 1 0 1 1 0 1 0 1 1 1 1 1 0 1 0 0 1 1 0 0 0 0.589592227
310 32768 1688 1 1 1 1 1 1 1 1 1 1 1 1 1 1 1 0 0 1 0 1 0 1 1 0 0 1 1 0 0 0 0.435473199
311 19354 675 0 1 0 0 1 0 1 1 0 1 0 0 0 0 0 0 1 0 0 1 0 1 1 1 0 1 0 1 0 0 0.772247645
312 36360 2759 0 0 1 1 0 1 1 1 1 1 1 1 0 0 0 0 0 1 1 1 1 1 1 1 1 1 1 1 0 1 1.39317107
313 29510 1238 1 1 0 1 1 1 1 1 1 1 1 0 1 1 0 1 1 0 0 0 0 0 0 0 1 1 0 1 0 1 1.142687137
314 36417 2208 1 1 0 0 0 0 1 1 1 0 1 1 1 0 0 1 1 0 0 1 1 1 1 1 1 1 1 1 1 1 0.2421027
315 22831 937 1 1 0 1 0 0 1 1 1 1 0 0 1 1 0 0 1 0 0 1 0 0 0 1 1 0 1 1 0 0 0.478073832
316 37865 3667 1 1 1 1 1 1 1 1 1 0 1 0 1 1 1 1 1 1 1 1 1 1 1 1 1 1 1 1 1 1 0.000865951
317 14988 459 0 1 0 0 1 1 1 0 0 0 0 1 0 1 0 0 0 0 0 0 1 1 1 0 0 0 1 0 0 0 0.160097587
318 27842 1804 1 1 1 0 0 0 0 1 1 1 1 1 1 1 0 0 1 1 1 1 0 0 0 1 1 1 1 0 0 1 2.052903155
319 12649 301 0 1 0 0 0 0 0 1 0 0 0 0 0 0 1 0 1 0 0 0 0 1 0 0 0 1 0 1 0 0 0.01413585
320 12739 690 0 0 0 1 0 0 0 1 0 0 0 0 1 1 0 1 0 0 0 0 0 0 1 1 0 0 0 0 1 0 0.516703539
321 1351 5 0 0 0 0 0 0 1 0 0 0 0 0 0 0 0 0 0 0 1 0 0 0 0 0 0 0 0 0 0 0 0.000212162
322 34464 2738 0 0 1 1 1 1 1 1 1 1 1 0 1 1 0 1 1 0 1 1 1 1 1 1 1 1 1 1 1 1 0.040104039
323 32187 3241 1 0 0 1 1 1 1 0 1 1 1 1 0 1 1 1 1 1 1 0 1 1 1 0 1 0 1 0 1 0 0.153005444
324 4637 67 0 0 0 0 0 0 0 0 0 0 1 0 1 0 0 0 0 0 0 0 0 0 0 0 0 1 0 0 0 0 0.000533469
325 29268 1733 0 0 1 1 1 1 0 0 0 1 0 1 1 1 1 1 0 1 0 1 0 1 1 1 0 1 0 0 1 0 0.892212293
326 32447 3285 1 1 1 1 1 1 1 1 1 1 1 0 1 1 1 1 1 1 1 0 1 0 0 0 1 1 1 0 1 1 0.019579048
327 21722 563 0 1 0 1 1 1 1 0 0 0 0 0 0 0 0 1 1 1 0 1 0 0 0 1 0 0 1 1 0 0 0.121405549
328 30261 2010 1 0 1 1 0 1 1 1 1 1 1 0 0 1 1 1 1 1 0 1 0 0 0 1 0 1 1 1 1 1 0.780005426
329 13697 410 1 0 0 0 0 1 1 0 1 0 0 0 0 1 0 1 0 0 0 0 1 0 0 1 0 0 0 0 1 0 0.077311948
330 21349 835 0 0 1 1 0 0 0 0 1 1 1 1 0 0 0 0 0 1 1 0 1 0 1 1 1 1 0 0 0 1 0.589890532
331 41500 3015 1 1 1 1 1 1 1 1 1 1 1 1 1 1 1 1 1 1 1 1 1 1 0 0 1 1 1 1 1 1 0.000429786
332 39545 2712 0 1 1 1 0 0 1 1 0 1 1 1 1 1 1 1 1 1 1 1 1 1 0 1 0 0 0 1 1 1 0.021899283
333 29497 1678 0 1 1 1 1 1 0 0 1 1 0 1 1 0 1 1 0 0 1 1 0 1 1 0 1 1 0 1 0 1 0.360194817
334 27373 1523 0 1 1 1 1 1 1 0 0 0 1 1 1 0 1 1 1 1 0 0 1 0 0 1 1 0 0 0 0 0 1.299181277
335 24653 1060 0 1 0 1 1 1 0 0 0 1 0 1 1 1 1 0 0 1 0 0 1 0 0 0 0 1 1 0 1 1 3.554834707
336 36482 2434 1 1 1 1 1 1 1 1 0 0 1 1 0 1 1 1 1 1 0 0 0 0 1 0 1 0 1 1 1 0 0.654115318
337 28334 1977 0 1 1 0 0 0 1 1 1 0 1 0 0 1 0 0 1 0 1 0 0 1 1 1 0 0 1 1 1 1 9.578629783
338 30822 2406 1 0 1 1 0 1 1 1 1 1 1 1 1 1 1 1 0 1 1 1 1 1 0 0 1 1 1 1 0 1 0.023983648
339 29006 1822 0 1 0 0 1 1 0 1 1 0 1 1 1 0 1 1 1 1 0 1 1 0 1 1 1 0 0 1 0 0 0.439318018
340 25762 1092 1 1 0 1 1 1 0 1 1 0 0 1 0 0 0 0 1 1 0 1 1 0 0 1 0 0 0 1 1 1 1.506803134
341 36438 4307 1 1 1 1 1 1 1 1 1 1 1 1 1 1 1 1 0 1 1 1 1 1 1 1 1 1 1 1 1 1 0.000267681
342 32252 1846 0 0 0 1 1 1 1 1 1 1 1 1 0 0 1 1 1 0 1 1 1 1 1 1 0 0 1 1 0 0 0.119745387
343 28958 2752 1 1 1 1 1 1 1 1 1 1 1 0 0 1 1 1 1 0 0 1 1 1 0 1 1 1 1 1 1 0 0.008074677
344 14777 532 0 0 0 0 1 1 1 1 1 0 0 0 0 0 1 0 1 1 0 0 0 0 0 1 0 0 1 0 0 1 0.122359222
345 30960 1877 1 1 1 0 1 1 0 1 0 1 0 0 1 1 1 1 1 0 1 0 0 1 0 0 1 1 1 1 1 1 1.669605496
346 4357 50 0 0 0 0 0 0 0 0 0 0 0 0 0 0 0 0 0 0 0 0 0 0 0 0 1 0 0 0 1 0 0.000321016
347 39423 3961 1 1 1 1 1 1 1 0 1 1 1 1 1 1 1 1 1 1 1 1 1 1 1 1 1 1 1 1 1 1 0.000414821
348 35062 3595 1 1 1 0 1 1 1 1 1 0 1 1 1 0 1 1 1 1 1 1 1 1 1 1 1 1 1 0 1 1 0.001938407
349 31226 2019 0 1 1 1 0 1 1 0 1 1 0 0 0 1 1 1 0 0 1 1 1 1 1 1 1 1 1 1 1 1 0.064275534
350 33286 2763 1 1 0 0 0 1 1 1 1 1 1 1 1 1 1 1 1 1 1 1 1 1 0 1 1 1 1 1 1 1 0.008634289
351 32835 2612 1 1 1 1 1 1 0 1 1 1 1 1 0 1 1 0 1 1 1 1 1 0 1 1 1 1 1 1 0 1 0.004539917
352 6652 99 0 0 0 1 0 0 0 0 0 0 0 0 0 0 0 0 0 0 1 0 0 0 0 0 0 0 0 1 0 0 0.000535482
353 40156 3580 1 1 1 1 1 1 1 1 1 1 0 1 1 1 1 1 1 0 1 1 1 1 1 1 1 1 1 0 1 1 0.001014382
354 23732 1222 1 0 1 0 0 1 1 0 1 1 0 1 1 1 0 1 0 0 0 0 0 1 1 0 0 0 0 1 0 1 0.57933807
355 33989 3332 1 1 1 1 1 1 1 1 0 1 1 1 1 1 0 1 1 1 1 1 1 1 1 1 1 1 1 1 1 1 0.000860319
356 22810 1578 0 1 1 0 0 1 1 0 0 0 1 0 1 1 0 0 1 0 1 0 1 1 1 1 0 1 0 1 0 1 1.248403554
357 15001 633 0 0 0 0 0 0 0 1 0 0 0 0 1 1 0 0 0 1 1 0 0 1 0 0 0 0 1 0 1 0 0.124734314
358 38021 3741 1 1 0 1 1 1 1 1 1 1 1 1 1 1 1 0 1 0 0 1 1 1 1 1 1 1 1 1 1 1 0.003461804
359 25074 1234 1 1 0 0 1 1 1 0 0 0 0 1 1 1 0 1 1 1 0 0 0 0 1 0 0 0 1 0 0 1 3.664183222
360 32293 2812 0 0 1 1 1 0 1 1 1 1 1 1 1 1 0 1 1 1 0 1 1 1 1 1 1 1 0 1 1 1 0.00969342
361 25910 1435 1 0 0 1 1 1 0 1 1 1 1 0 0 1 0 1 0 1 1 1 0 0 1 1 0 0 0 0 1 1 2.06377724
362 26216 1843 0 0 0 1 1 0 1 0 1 0 0 1 1 0 0 0 1 1 1 0 1 1 0 1 0 0 1 1 0 0 2.227252664
363 36638 3338 1 1 1 1 1 1 1 1 1 1 1 1 1 1 1 1 1 1 1 1 1 1 1 1 1 0 1 1 1 1 0.000534275
364 31216 2672 1 1 0 1 1 0 1 1 1 1 1 1 1 0 1 1 1 1 1 0 1 1 0 1 0 0 1 0 1 1 0.104908386
365 38854 3290 1 0 1 1 1 1 1 1 1 0 1 1 1 1 1 1 1 1 1 1 1 1 1 1 1 1 1 1 1 1 0.000619196
366 33288 3739 0 1 1 1 1 1 1 1 1 1 1 1 1 1 1 1 1 1 1 1 1 1 1 1 1 1 1 1 1 1 0.000361284
367 32073 2336 1 0 0 1 1 1 1 1 0 0 1 0 1 1 1 1 1 1 1 1 1 1 0 1 0 0 1 1 0 1 0.088311046
368 32846 1449 1 0 1 1 0 1 0 1 1 1 0 1 1 1 0 0 1 1 1 1 1 0 1 1 0 0 1 1 1 1 0.390146071
369 17903 796 0 1 0 1 0 1 0 0 0 1 0 0 0 0 1 0 1 0 0 0 0 0 1 1 1 0 1 0 0 1 0.487615084
370 25640 928 1 0 0 1 0 0 0 1 0 1 1 1 0 0 0 1 1 0 0 0 0 1 0 1 0 1 1 1 0 0 1.242036972
371 39745 3440 1 1 0 1 1 1 1 1 1 0 1 1 1 1 1 1 1 1 1 1 1 1 1 1 1 1 1 1 1 1 0.000458786
372 43215 3706 1 1 1 1 1 1 1 1 1 1 1 1 1 1 0 1 1 1 1 1 1 1 1 1 1 1 1 1 1 1 0.000542739
373 34264 2980 0 1 1 1 1 1 1 1 1 1 1 0 1 0 1 0 1 1 1 1 0 1 1 1 1 1 1 1 1 0 0.007774215
374 39048 3496 1 1 1 1 1 1 1 1 1 1 1 1 1 1 1 1 1 1 1 1 1 1 0 1 1 1 1 1 1 1 0.000504061
375 29638 3454 1 1 1 1 1 1 1 1 1 1 1 1 1 1 1 1 1 1 1 1 1 0 1 1 1 1 1 1 1 1 0.000224179
376 25120 2455 1 1 0 1 1 0 1 0 0 0 1 1 1 1 1 0 1 0 0 0 1 1 1 0 0 1 1 1 1 1 0.74257621
377 28526 1819 1 0 1 1 1 1 1 1 0 1 0 1 1 0 0 1 0 0 1 1 1 1 0 0 1 1 0 1 0 1 2.3523893129999998
378 30861 1960 1 1 1 1 0 1 0 1 1 0 1 0 1 1 0 0 1 1 1 0 0 1 0 0 0 1 1 0 1 0 0.825565814
379 34757 3790 1 1 1 1 0 1 1 1 1 1 1 1 0 1 1 1 1 1 1 1 1 1 1 1 1 1 1 1 0 1 0.000772777
380 35231 3189 1 1 0 1 1 1 1 1 1 1 1 1 1 1 1 1 1 1 1 1 1 1 1 1 1 1 1 1 1 1 0.00029524
381 24451 1868 1 0 1 0 1 1 0 0 1 0 1 0 1 1 1 1 0 1 0 1 1 1 0 0 1 0 0 1 1 0 0.938357954
382 20670 705 0 0 0 0 0 0 0 1 1 0 0 1 1 1 1 0 1 0 0 1 0 1 0 1 1 1 0 0 1 1 0.486088742
383 24453 1547 0 0 1 1 1 0 1 1 0 0 1 0 1 1 1 0 0 0 0 0 0 0 1 1 1 1 0 0 1 0 2.373328276
384 18847 984 1 0 1 0 0 0 0 0 1 0 0 1 0 1 1 1 0 1 0 1 0 1 0 1 0 0 0 1 1 0 1.553158789
385 30987 2629 0 1 1 1 1 1 1 0 1 0 0 1 0 1 1 1 1 1 0 1 0 0 1 0 0 1 1 1 1 1 0.376725077
386 10353 411 0 0 1 0 0 1 0 0 0 0 0 0 0 0 0 0 0 0 0 1 0 1 0 0 0 0 0 1 0 0 0.014779883
387 19591 640 0 0 0 0 0 1 0 1 0 1 1 0 0 0 0 0 0 0 1 0 1 1 1 1 0 0 0 0 0 0 0.610138557
388 1196 19 0 0 1 0 0 0 0 1 0 0 0 0 0 0 0 0 0 0 0 0 0 0 0 0 0 0 0 0 0 0 0.000221622
389 28203 1373 1 0 1 1 0 0 0 0 1 1 1 0 1 1 0 0 1 1 0 1 1 0 0 1 1 1 1 1 0 1 0.582212483
390 43040 3634 1 1 1 1 1 1 1 1 0 1 1 1 1 1 1 1 1 1 1 1 1 0 1 1 1 1 1 1 1 0 0.000895714
391 37368 4123 1 1 1 1 1 1 1 1 1 0 1 1 1 1 1 1 1 1 1 1 0 1 1 1 1 1 1 1 1 1 0.000914138
392 19143 931 0 1 0 0 0 1 1 0 1 1 0 0 0 0 0 1 1 0 1 0 0 1 1 0 1 1 1 1 0 0 0.498453199
393 37269 2420 1 1 0 1 0 1 0 1 1 1 0 1 1 1 1 1 0 1 1 1 0 0 1 1 1 1 1 0 1 1 0.15907359
394 30184 1679 0 0 1 1 1 0 1 0 1 1 1 1 1 0 0 0 0 1 1 1 1 1 0 0 1 1 0 1 0 0 3.728918149
395 18305 816 0 1 1 1 0 0 1 0 1 0 0 0 0 0 0 0 0 1 1 0 1 1 1 0 1 0 0 0 1 0 0.244025897
396 27032 1343 0 0 1 0 1 0 0 1 0 1 1 1 1 1 1 1 1 1 1 1 1 0 0 0 1 1 0 0 0 0 0.664668639
397 8549 215 0 0 0 0 0 0 0 0 0 0 0 0 0 0 0 1 0 0 1 0 1 0 1 1 1 0 0 0 0 0 0.006317983
398 28535 1579 1 0 0 0 0 1 1 1 0 1 1 1 1 1 1 1 0 1 0 0 1 1 0 1 0 0 1 1 1 0 1.230063111
399 25408 1739 1 0 0 0 1 1 0 0 0 1 0 1 1 1 0 1 1 0 0 1 0 1 1 0 1 0 1 0 1 0 2.184700539
400 8468 131 0 1 0 0 0 0 0 0 1 0 0 0 0 0 0 0 0 1 0 1 0 0 0 0 0 1 0 0 0 0 0.0024016
401 34570 2315 0 1 1 0 1 1 1 1 1 1 0 0 0 0 1 1 1 1 1 1 0 1 1 1 1 1 1 1 1 1 0.096995528
402 25257 1535 0 0 0 1 1 0 0 1 1 0 0 0 1 1 1 0 0 0 1 1 0 0 1 0 1 1 1 0 1 1 8.333787929
403 36882 3145 1 1 0 1 1 1 1 1 0 1 0 1 1 1 1 0 1 1 1 1 1 1 1 1 1 1 1 1 0 1 0.003420532
404 28880 1725 0 0 0 0 1 1 0 0 1 1 0 0 1 1 0 1 1 0 1 0 1 1 1 0 1 0 1 1 0 1 2.928965335
405 40105 3900 1 1 1 1 1 1 1 1 1 1 1 1 1 1 1 1 1 1 1 1 1 1 1 1 0 1 1 1 1 1 0.000483274
406 29789 1848 1 1 0 1 1 0 0 0 0 1 0 1 1 0 1 1 0 1 0 1 1 0 1 0 1 0 1 0 0 1 8.200859995
407 28106 2664 1 1 0 1 0 1 1 1 1 0 1 1 1 1 1 1 1 0 1 0 1 1 0 1 1 1 1 1 1 1 0.076656748
408 39375 3244 1 1 1 1 0 0 1 1 1 1 0 1 1 1 1 1 1 1 0 1 1 1 1 1 1 1 1 1 1 1 0.002739631
409 29133 2020 1 0 0 0 0 1 1 0 0 1 1 1 1 0 1 1 1 1 1 1 1 1 1 0 0 1 1 1 1 0 0.305047293
410 2293 17 0 0 0 0 0 0 0 0 0 1 0 0 0 0 0 0 0 0 0 0 0 0 0 0 0 0 0 0 0 0 0.000198612
411 20470 911 0 1 0 0 1 1 0 0 1 1 1 1 1 1 0 1 0 0 0 1 1 0 1 0 1 0 0 0 0 1 0.237774657
412 15126 363 0 0 0 0 1 1 0 0 0 0 0 1 1 0 0 0 1 1 0 0 1 0 0 0 1 0 0 0 0 0 0.030822897
413 29552 1408 1 0 1 1 1 1 0 1 1 1 1 0 0 0 1 0 0 0 1 0 1 1 1 1 0 1 1 0 1 0 0.720011579
414 21900 1160 0 1 1 1 1 0 0 0 1 0 1 0 0 0 0 1 1 1 1 0 0 0 0 1 1 0 0 0 1 0 6.071359187
415 4602 96 0 0 0 0 0 0 0 0 0 0 0 1 0 0 0 0 0 0 0 1 0 0 0 0 0 0 1 0 0 0 0.000360518
416 35983 1954 1 0 1 1 0 1 1 1 1 1 1 1 1 1 0 1 1 1 0 0 1 1 1 0 1 1 1 0 0 1 0.433946197
417 27248 1457 0 0 1 1 1 1 0 0 0 1 1 0 0 0 1 1 1 1 1 0 1 1 0 1 1 0 0 0 0 1 0.441183235
418 15028 401 1 0 1 0 1 0 0 0 1 0 0 1 0 0 0 0 0 0 0 0 1 0 0 1 1 0 1 0 0 0 0.044856022
419 29215 1986 1 0 1 1 1 0 1 1 1 1 1 0 0 0 0 0 0 0 0 1 1 1 0 1 1 0 1 1 1 1 1.136897487
420 27450 1558 0 1 0 1 0 1 0 0 0 0 1 0 0 0 0 1 1 1 1 1 1 1 0 1 1 0 1 0 1 1 4.021593779
421 31144 2993 1 1 1 1 1 1 0 1 1 1 1 1 1 1 1 1 0 0 0 1 1 1 0 0 1 1 1 1 0 1 0.088171167
422 33425 2618 1 1 0 1 0 0 0 1 1 0 1 0 1 1 1 1 1 1 1 1 1 0 0 0 1 1 1 1 1 0 0.387684566
423 3449 24 0 0 0 0 0 0 0 0 0 0 0 0 0 0 0 0 0 0 1 0 0 0 0 0 0 0 1 0 1 0 0.000283131
424 28707 1774 1 1 0 1 1 0 1 1 1 0 1 1 0 1 1 0 0 1 1 1 0 0 1 0 1 1 0 1 1 1 0.497216521
425 21757 1196 0 0 0 1 1 1 1 1 0 1 0 0 1 0 0 1 1 0 1 0 1 0 1 1 0 1 1 0 0 1 0.940929248
426 25124 1174 1 1 0 1 0 0 1 0 0 1 1 1 1 1 1 0 0 1 0 0 1 1 0 1 1 0 0 1 1 0 0.371794022
427 18977 914 0 0 0 0 0 1 1 1 1 0 0 1 1 1 0 0 1 0 0 0 0 0 1 1 1 1 0 0 1 0 1.239574403
428 29862 2607 1 0 0 1 0 1 0 0 1 1 1 1 1 1 0 1 0 0 1 1 1 1 1 1 1 1 1 1 1 1 0.20959703
429 32995 2291 1 1 1 1 1 1 1 1 1 1 0 0 0 1 1 0 1 0 1 1 1 1 1 0 1 0 1 1 1 1 0.14180118
430 6499 116 0 0 0 0 0 0 0 0 1 0 0 0 0 0 0 1 0 0 0 0 0 0 0 0 1 0 0 0 0 1 0.000508505
431 28573 1549 0 1 1 0 0 0 1 1 1 0 1 1 1 1 1 1 0 1 1 0 1 0 1 1 0 1 1 0 1 0 0.756584097
432 2286 50 0 0 0 0 0 0 0 0 0 0 0 0 0 0 0 0 0 0 0 0 0 1 0 0 0 0 0 0 0 0 0.000134127
433 35958 2484 1 0 1 1 1 0 0 1 1 1 1 1 1 0 1 1 1 0 1 1 1 0 1 1 0 1 1 1 0 1 0.076351223
434 10731 164 0 0 0 0 1 0 1 1 0 0 1 0 0 1 0 0 0 1 0 0 0 0 0 0 0 0 0 0 0 0 0.003398284
435 25691 1339 0 1 0 1 0 1 1 1 1 1 1 1 0 0 1 0 0 1 1 0 0 0 0 1 0 0 1 0 1 0 1.351161513
436 29522 1658 1 1 1 1 0 1 0 1 1 1 1 0 1 1 1 1 1 0 1 0 1 0 1 1 1 1 0 0 0 1 0.083395675
437 31896 2467 0 0 1 1 0 1 0 1 1 1 1 1 1 0 1 1 0 1 0 0 0 1 1 1 1 1 0 1 0 1 0.318085056
438 37990 3446 1 1 1 1 1 1 1 1 1 1 1 1 1 1 1 1 1 1 1 1 1 1 1 1 0 1 1 1 1 1 0.00048163
439 32538 3398 1 1 1 1 1 1 1 1 0 1 1 1 1 1 1 1 0 1 0 1 1 1 1 1 1 1 1 1 1 1 0.003407701
440 20749 818 1 1 0 0 0 0 0 0 0 1 0 0 0 1 0 0 1 0 1 1 1 1 0 1 0 0 1 0 1 1 0.195333996
441 3834 47 0 0 0 0 0 0 0 0 0 1 0 0 0 0 0 0 0 0 0 0 0 0 0 0 1 0 0 0 0 0 0.000271499
442 32082 2306 1 1 0 1 0 1 1 0 0 0 1 1 1 1 0 1 0 1 1 1 1 0 1 1 1 0 1 1 1 1 0.360351061
443 34535 2332 1 0 0 1 1 1 0 1 1 0 1 1 1 0 0 1 1 1 0 1 1 0 1 0 0 1 1 1 1 1 0.577070216
444 42656 2816 0 1 1 1 1 1 1 1 1 1 1 1 1 1 1 1 1 1 1 1 1 0 1 1 1 1 1 1 1 1 0.000906258
445 24822 1933 0 0 1 0 1 0 1 1 0 1 1 0 1 0 1 0 1 0 1 0 1 0 0 1 0 0 1 1 0 1 3.428245557
446 33858 3391 1 1 1 1 1 0 1 1 1 1 1 1 1 1 1 1 0 1 1 1 1 1 1 1 0 1 1 1 1 0 0.008790266
447 9324 171 1 0 0 0 0 1 0 0 0 0 0 0 0 0 0 0 0 1 0 0 0 0 1 0 0 0 0 0 0 1 0.00261103
448 22212 978 0 0 0 1 0 0 0 1 0 1 1 1 0 1 0 0 0 0 1 0 0 1 0 0 0 1 1 1 1 1 2.3348133730000002
449 20074 641 1 1 1 0 0 0 0 0 1 0 1 0 1 1 0 0 0 0 1 0 0 1 0 0 0 0 0 1 0 0 0.133109132
450 16084 626 1 0 0 0 0 0 1 1 1 0 0 0 0 1 0 1 1 0 0 0 1 0 1 0 0 0 0 0 0 0 0.536201165
451 21260 561 0 1 1 0 0 1 1 0 1 0 0 1 0 1 0 1 0 0 0 0 1 0 0 0 0 0 1 0 0 1 0.183761197
452 27126 1778 0 0 1 0 0 1 1 1 1 1 1 1 0 0 0 0 1 1 1 0 1 0 0 1 1 1 1 0 1 1 2.6000531909999998
453 30723 1497 0 1 0 1 0 1 0 1 0 0 1 1 0 0 1 0 0 0 1 1 1 0 1 1 1 0 1 1 1 0 4.3636728080000005
454 23540 1020 0 0 1 1 1 0 1 0 1 0 1 1 0 0 0 1 1 0 0 1 1 0 0 0 0 0 1 1 1 0 4.374502444
455 8556 246 1 0 0 0 0 0 0 0 0 0 1 1 0 1 1 0 0 0 0 0 0 0 0 0 0 0 1 0 0 0 0.009083356
456 10700 247 0 0 1 0 0 1 1 0 0 1 0 1 0 0 0 0 0 0 0 0 1 0 0 0 0 0 0 0 0 0 0.004238444
457 27605 2297 0 1 1 1 1 0 1 1 1 1 1 0 0 1 0 1 1 0 0 1 0 0 1 0 0 1 1 0 1 1 3.294382375
458 8786 322 0 1 1 0 0 0 0 0 0 0 0 0 0 0 0 1 0 1 1 0 0 1 0 0 1 0 0 0 0 0 0.030682376
459 33144 2495 1 0 1 0 0 1 1 1 1 0 0 1 1 1 1 1 1 1 1 1 1 1 0 0 1 1 1 0 1 1 0.163165668
460 35445 3555 1 1 1 1 1 1 1 1 1 1 1 1 1 0 1 1 1 1 1 1 1 1 0 1 1 1 1 1 1 1 0.000682348
461 24690 959 1 0 1 1 0 1 0 0 1 0 0 0 0 1 1 0 0 1 1 0 0 1 1 0 1 1 1 0 0 1 0.827870051
462 32843 1925 0 1 0 0 1 1 0 1 0 1 1 1 0 1 1 1 1 0 1 1 1 1 0 0 1 1 1 0 1 1 0.561588852
463 27837 1538 0 1 0 0 1 1 1 1 1 1 0 1 1 0 1 1 1 1 0 1 0 0 1 0 1 1 0 0 1 1 1.735855301
464 29503 2101 1 1 0 1 1 1 1 1 1 1 0 1 1 1 1 1 0 1 0 1 0 0 0 0 0 0 0 0 1 1 1.131165638
465 32254 2112 1 0 1 1 1 1 0 1 1 1 1 1 1 1 1 1 1 1 0 1 1 0 0 0 1 1 0 0 1 0 0.269705699
466 36594 3302 1 1 1 1 1 1 1 1 1 1 1 1 1 1 1 1 1 1 1 1 1 1 1 1 1 1 1 1 0 1 0.000367814
467 41581 2700 0 1 0 1 1 1 1 1 1 1 1 1 1 1 1 1 1 1 1 1 1 0 1 1 1 1 1 0 0 0 0.012939653
468 22478 783 1 1 1 0 0 0 1 1 0 1 1 1 0 0 1 0 1 0 0 1 1 0 0 0 0 1 0 0 1 0 1.831972121
469 33438 2562 1 1 1 1 1 1 1 0 0 1 1 1 0 0 1 0 1 1 1 1 1 0 0 1 1 1 0 1 1 1 0.14956173
470 28012 1992 1 1 1 0 0 1 0 0 1 1 0 0 1 0 1 0 1 1 1 0 0 1 1 1 1 0 0 1 0 0 0.64789236
471 20079 730 0 1 1 1 0 1 0 1 0 0 0 0 1 1 1 0 0 0 1 0 1 0 0 0 1 1 0 0 0 0 0.953366124
472 29810 3115 1 1 1 0 1 1 1 1 1 1 1 0 1 1 1 1 1 1 1 1 1 1 1 1 1 1 1 1 1 1 0.000683536
473 23296 1129 0 0 0 1 1 0 0 1 1 0 0 0 0 1 0 1 0 1 0 1 1 1 0 1 1 0 0 1 0 0 2.023855712
474 28408 1708 1 1 0 1 1 0 0 0 1 0 1 1 0 0 1 1 0 1 1 1 0 0 1 1 0 1 1 1 1 0 1.165493115
475 30898 2237 1 0 0 1 1 1 0 0 1 1 0 1 1 0 0 0 1 0 1 1 1 1 1 0 1 1 1 1 1 0 2.269283469
476 37056 3229 1 1 1 1 1 1 1 0 1 1 1 1 1 1 1 1 1 1 0 1 1 0 1 0 1 1 1 1 1 1 0.001707466
477 25219 1122 0 1 0 0 1 1 0 1 1 0 0 0 1 0 0 0 0 1 0 1 0 1 1 1 0 1 1 0 1 0 0.851157917
478 21624 801 1 0 1 1 1 1 1 0 0 1 1 1 0 0 0 0 0 0 0 1 0 0 1 0 0 0 1 0 0 1 0.940520934
479 39033 2581 0 1 1 0 1 1 0 1 0 1 1 0 1 1 1 1 1 1 0 1 1 0 1 1 1 1 1 1 1 1 0.080202756
480 34550 1913 1 1 1 1 1 0 1 0 1 1 1 0 1 1 1 1 1 1 1 0 1 1 1 0 0 0 0 0 1 1 0.031909442
481 11006 694 0 0 0 0 0 0 1 0 0 0 0 0 1 0 0 1 0 1 0 0 0 1 0 0 0 1 0 0 1 0 0.354133704
482 33185 2696 1 1 0 1 1 1 1 1 0 0 1 1 0 1 1 1 1 0 0 1 0 1 0 1 1 1 1 1 1 1 0.228147273
483 38271 2202 1 1 1 1 1 0 0 0 1 1 0 1 1 1 1 1 0 1 0 1 1 0 0 1 1 1 1 1 1 1 0.384268763
484 29052 1883 1 0 0 1 0 0 0 0 1 0 0 0 0 1 1 1 0 0 1 1 1 1 0 0 1 1 1 1 0 1 11.496306222
485 31568 3315 1 1 1 1 0 1 1 1 1 1 1 1 1 1 1 1 1 1 0 0 1 1 1 0 1 1 1 1 1 1 0.001082849
486 36672 2651 0 1 1 1 1 1 1 1 1 1 1 1 1 1 1 1 1 1 1 1 1 1 0 0 1 1 1 1 0 0 0.003910607
487 37883 3850 1 1 1 1 1 1 1 1 1 1 1 0 1 1 1 1 1 1 1 1 1 1 1 0 1 1 1 1 1 1 0.000839987
488 41706 2655 1 1 0 1 0 1 1 0 1 0 1 1 1 1 1 1 1 1 1 1 1 1 1 1 1 1 1 1 1 0 0.004117868
489 28118 1761 1 1 1 1 0 1 1 1 1 0 1 0 1 0 1 0 1 0 1 0 1 0 0 0 0 1 1 0 0 0 1.98013295
490 9497 317 0 1 0 0 1 0 1 0 0 0 0 1 0 0 0 0 0 0 0 0 0 0 0 0 0 0 0 0 1 0 0.014829505
491 26428 1810 1 1 1 0 0 1 1 1 1 1 0 0 1 1 1 1 1 1 1 1 0 1 0 0 0 0 1 0 0 1 0.595354913
492 40342 3406 1 1 1 1 1 0 1 1 1 1 1 1 1 1 1 1 1 1 1 1 1 1 1 1 1 1 1 1 0 1 0.000448874
493 31685 1828 0 1 1 1 1 1 1 1 1 0 1 0 1 1 1 0 0 0 1 0 0 1 0 1 0 0 1 1 1 1 3.527130319
494 19824 368 0 0 0 1 0 1 1 0 0 0 0 1 0 0 1 0 1 0 0 0 0 1 1 0 0 1 0 0 1 1 0.025570743
495 34650 2570 1 0 1 1 1 1 0 1 1 1 1 1 1 1 0 0 1 0 1 0 0 1 0 1 1 1 0 1 1 1 1.773583743
496 14950 647 1 1 1 0 0 0 0 0 0 1 0 0 0 0 0 1 0 1 0 0 1 0 1 0 0 0 0 0 0 0 0.410045827
497 13240 463 0 0 1 0 0 0 0 0 1 0 0 0 0 0 1 1 0 0 1 1 0 0 0 0 0 1 0 0 0 0 0.056704919
498 39283 2781 1 1 1 1 1 1 1 1 1 1 1 1 1 1 1 1 0 0 0 1 1 1 0 1 0 1 1 1 0 1 0.00896082
499 14416 428 0 0 1 0 0 0 1 1 0 0 0 1 0 1 0 0 1 0 1 0 0 0 0 1 0 1 0 1 0 0 0.115653985
500 14262 589 1 1 1 0 0 1 0 0 0 0 0 0 0 0 0 1 0 1 0 0 0 0 1 0 1 0 0 0 0 0 0.121399842
